100
23047457 78758484 45479120
1 10000
23047457 78758484 45479120
2 10000
23047457 78758484 45479120
3 10000
23047457 78758484 45479120
4 10000
23047457 78758484 45479120
5 10000
23047457 78758484 45479120
6 10000
23047457 78758484 45479120
7 10000
23047457 78758484 45479120
8 10000
23047457 78758484 45479120
9 10000
23047457 78758484 45479120
10 10000
23047457 78758484 45479120
11 10000
23047457 78758484 45479120
12 10000
23047457 78758484 45479120
13 10000
23047457 78758484 45479120
14 10000
23047457 78758484 45479120
15 10000
23047457 78758484 45479120
16 10000
23047457 78758484 45479120
17 10000
23047457 78758484 45479120
18 10000
23047457 78758484 45479120
19 10000
23047457 78758484 45479120
20 10000
23047457 78758484 45479120
21 10000
23047457 78758484 45479120
22 10000
23047457 78758484 45479120
23 10000
23047457 78758484 45479120
24 10000
23047457 78758484 45479120
25 10000
23047457 78758484 45479120
26 10000
23047457 78758484 45479120
27 10000
23047457 78758484 45479120
28 10000
23047457 78758484 45479120
29 10000
23047457 78758484 45479120
30 10000
23047457 78758484 45479120
31 10000
23047457 78758484 45479120
32 10000
23047457 78758484 45479120
33 10000
23047457 78758484 45479120
34 10000
23047457 78758484 45479120
35 10000
23047457 78758484 45479120
36 10000
23047457 78758484 45479120
37 10000
23047457 78758484 45479120
38 10000
23047457 78758484 45479120
39 10000
23047457 78758484 45479120
40 10000
23047457 78758484 45479120
41 10000
23047457 78758484 45479120
42 10000
23047457 78758484 45479120
43 10000
23047457 78758484 45479120
44 10000
23047457 78758484 45479120
45 10000
23047457 78758484 45479120
46 10000
23047457 78758484 45479120
47 10000
23047457 78758484 45479120
48 10000
23047457 78758484 45479120
49 10000
23047457 78758484 45479120
50 10000
23047457 78758484 45479120
51 10000
23047457 78758484 45479120
52 10000
23047457 78758484 45479120
53 10000
23047457 78758484 45479120
54 10000
23047457 78758484 45479120
55 10000
23047457 78758484 45479120
56 10000
23047457 78758484 45479120
57 10000
23047457 78758484 45479120
58 10000
23047457 78758484 45479120
59 10000
23047457 78758484 45479120
60 10000
23047457 78758484 45479120
61 10000
23047457 78758484 45479120
62 10000
23047457 78758484 45479120
63 10000
23047457 78758484 45479120
64 10000
23047457 78758484 45479120
65 10000
23047457 78758484 45479120
66 10000
23047457 78758484 45479120
67 10000
23047457 78758484 45479120
68 10000
23047457 78758484 45479120
69 10000
23047457 78758484 45479120
70 10000
23047457 78758484 45479120
71 10000
23047457 78758484 45479120
72 10000
23047457 78758484 45479120
73 10000
23047457 78758484 45479120
74 10000
23047457 78758484 45479120
75 10000
23047457 78758484 45479120
76 10000
23047457 78758484 45479120
77 10000
23047457 78758484 45479120
78 10000
23047457 78758484 45479120
79 10000
23047457 78758484 45479120
80 10000
23047457 78758484 45479120
81 10000
23047457 78758484 45479120
82 10000
23047457 78758484 45479120
83 10000
23047457 78758484 45479120
84 10000
23047457 78758484 45479120
85 10000
23047457 78758484 45479120
86 10000
23047457 78758484 45479120
87 10000
23047457 78758484 45479120
88 10000
23047457 78758484 45479120
89 10000
23047457 78758484 45479120
90 10000
23047457 78758484 45479120
91 10000
23047457 78758484 45479120
92 10000
23047457 78758484 45479120
93 10000
23047457 78758484 45479120
94 10000
23047457 78758484 45479120
95 10000
23047457 78758484 45479120
96 10000
23047457 78758484 45479120
97 10000
23047457 78758484 45479120
98 10000
23047457 78758484 45479120
99 10000
23047457 78758484 45479120
100 10000
