38 296
8 9
25 25
12 29
18 23
13 34
24 30
26 4
29 23
25 16
23 4
34 12
3 22
16 14
22 12
34 17
24 3
30 37
36 8
21 6
1 20
4 4
35 36
35 27
17 31
28 26
36 22
37 17
15 35
23 8
12 36
20 17
27 24
37 36
14 7
26 2
16 8
3 30
33 22
28 14
34 27
11 14
27 22
31 26
14 14
15 19
35 19
32 11
29 36
18 30
7 3
27 23
7 20
18 7
20 38
18 14
18 26
6 34
30 38
16 17
3 15
3 29
23 15
25 32
36 12
11 25
28 22
19 10
35 34
3 26
19 20
34 18
25 21
23 35
10 34
24 17
30 5
36 27
2 36
38 26
32 28
9 16
22 31
18 25
35 3
26 12
26 6
21 2
1 27
22 28
28 33
13 19
2 33
27 32
8 4
25 30
20 26
5 18
22 18
2 37
31 18
20 22
19 22
15 22
4 35
17 27
15 9
38 3
25 7
17 20
20 23
30 24
5 5
15 27
19 11
4 30
21 24
14 5
37 3
30 21
2 36
13 22
3 4
7 18
9 28
19 28
21 31
12 20
3 29
11 31
21 32
2 37
22 31
18 27
26 9
34 16
24 8
14 38
35 4
21 11
36 15
10 17
15 11
34 29
13 8
34 18
3 1
2 37
37 35
21 2
23 14
33 8
36 23
29 26
32 11
8 12
37 16
38 24
6 38
20 9
14 2
24 36
13 6
27 32
17 22
25 26
31 38
10 30
7 22
22 34
7 1
30 26
25 1
14 26
15 30
1 38
33 8
8 7
34 19
17 4
4 15
36 14
3 1
22 21
10 30
7 6
38 23
34 16
3 21
4 38
3 27
22 8
10 15
24 5
37 38
6 10
33 16
34 4
8 34
9 33
17 5
4 37
11 5
22 5
18 21
4 4
4 13
16 3
5 35
3 15
28 24
24 18
24 35
10 30
25 16
3 15
18 21
18 7
11 15
28 14
18 3
20 9
20 7
37 33
37 36
15 2
37 25
38 18
8 33
28 23
17 7
32 23
35 35
10 20
2 11
28 24
28 1
30 37
11 12
13 36
38 24
17 5
38 8
20 23
17 23
21 17
12 11
16 37
32 25
5 21
11 24
19 17
3 14
4 3
30 21
30 8
32 22
33 17
34 5
16 15
6 20
9 7
9 14
23 17
27 12
23 35
4 32
9 25
1 10
12 35
21 26
24 24
23 16
33 15
23 10
2 35
15 8
8 34
17 35
18 31
14 12
28 38
18 15
10 14
20 31
13 12
8 12
29 27
11 23
29 29
2 9
37 28
37 31
13 10
38 37
38 30
5 34
