50
99
162
208
272
325
388
448
524
578
652
722
788
867
931
1017
1083
1168
1250
1348
1436
1516
1587
1675
1744
1813
1875
1996
2057
2164
2276
2368
2439
2524
2597
2675
2764
2864
2956
3044
3141
3231
3316
3425
3508
3628
3716
3776
3879
3964
4067
4149
4244
4348
4419
4516
4652
4753
4868
4941
5036
5120
5203
5284
5427
5547
5636
5725
5804
5887
5972
6124
6223
6332
6425
6543
6651
6727
6836
6921
6988
7132
7209
7324
7442
7516
7693
7796
7929
7996
8125
8212
8343
8425
8523
8656
8771
8869
8972
9081
9172
9251
9388
9484
9567
9644
9764
9872
10012
10107
10256
10372
10475
10611
10688
10772
10852
10964
11072
11164
11259
11404
11516
11619
11711
11824
11889
12069
12221
12303
12393
12493
12676
12807
12916
13025
13168
13252
13347
13437
13527
13673
13779
13876
14031
14116
14225
14332
14463
14548
14675
14804
14956
15044
15175
15292
15381
15472
15556
15692
15831
15987
16075
16196
16316
16399
16516
16628
16816
16893
17001
17084
17188
17379
17456
17591
17757
17883
17984
18076
18196
18325
18448
18567
18628
18764
18891
19004
19148
19233
19363
19484
19648
19724
19868
19989
20133
20259
20402
20476
20588
20675
20816
20948
21116
21212
21325
21463
21575
21689
21789
21916
22012
22103
22252
22393
22589
22687
22779
22887
22975
23132
23248
23356
23471
23552
23708
23824
23948
24079
24187
24292
24404
24524
24669
24812
24916
25076
25191
25268
25408
25519
25588
25684
25804
25964
26116
26252
26396
26548
26667
26764
26896
27052
27175
27316
27441
27568
27709
27836
27932
28048
28144
28269
28484
28593
28719
28828
28972
29132
29248
29331
29504
29691
29804
29907
29979
30092
30231
30331
30425
30589
30699
30868
30928
31117
31211
31347
31475
31532
31708
31804
31936
32036
32176
32272
32372
32481
32607
32716
32924
33039
33148
33273
33412
33543
33716
33859
34052
34172
34288
34396
34516
34676
34828
34964
35116
35248
35344
35452
35572
35716
35852
36004
36116
36211
36368
36475
36604
36748
36864
36976
37132
37244
37348
37475
37568
37684
37827
37899
38044
38156
38291
38404
38547
38637
38725
38932
39053
39175
39332
39436
39548
39632
39771
40023
40156
40316
40391
40525
40636
40724
40844
41012
41152
41319
41427
41675
41791
41872
41987
42124
42304
42425
42524
42652
42832
42973
43075
43184
43328
43439
43564
43748
43892
44001
44228
44372
44443
44573
44675
44788
44972
45081
45189
45328
45476
45603
45748
45868
45988
46109
46348
46503
46675
46796
46912
47079
47204
47312
47468
47552
47727
47836
48016
48159
48284
48428
48537
48656
48775
48933
49052
49239
49347
49475
49564
49684
49828
49975
50068
50179
50332
50548
50675
50807
50913
51008
51196
51313
51472
51633
51731
51883
52012
52087
52175
52372
52475
52636
52748
52876
52996
53127
53252
53348
53488
53588
53753
53852
54047
54261
54388
54512
54711
54819
54928
55089
55223
55324
55467
55604
55773
55899
55996
56132
56313
56428
56572
56677
56781
56933
57033
57231
57325
57476
57628
57775
57916
58076
58221
58329
58516
58628
58775
58887
58977
59116
59229
59391
59476
59588
59733
59859
60025
60212
60304
60404
60548
60644
60848
60979
61108
61201
61393
61497
61616
61767
61888
62091
62224
62453
62564
62644
62732
62912
63025
63148
63257
63436
63575
63747
63884
64043
64161
64336
64431
64576
64737
64863
64971
65187
65341
65476
65603
65763
65908
66076
66187
66425
66524
66644
66796
66987
67136
67277
67376
67516
67675
67772
67916
68032
68125
68225
68372
68479
68636
68787
68956
69129
69277
69404
69543
69632
69727
69824
69952
70076
70276
70436
70625
70736
70903
71027
71149
71275
71407
71525
71692
71839
71956
72172
72283
72476
72557
72721
72801
72925
73053
73204
73412
73503
73648
73792
73947
74084
74192
74348
74457
74637
74799
74924
75056
75249
75483
75644
75807
75916
76025
76203
76348
76564
76707
76844
76979
77156
77296
77548
77661
77764
77852
77967
78124
78247
78332
78471
78723
78836
78992
79052
79204
79364
79468
79568
79739
79844
79981
80075
80213
80368
80503
80644
80739
80944
81117
81292
81392
81476
81616
81764
81904
82036
82204
82413
82556
82675
82828
82975
83043
83167
83344
83529
83637
83741
83924
84069
84236
84368
84519
84676
84772
84908
84992
85175
85309
85516
85604
85789
85941
86084
86228
86356
86512
86608
86725
86908
87056
87131
87284
87484
87632
87748
87964
88052
88204
88304
88384
88497
88636
88756
88975
89104
89228
89383
89536
89732
89879
90081
90268
90448
90548
90611
90796
90925
91072
91197
91376
91472
91604
91737
91856
92012
92156
92277
92443
92583
92727
92864
93008
93164
93284
93428
93591
93836
94025
94144
94228
94383
94509
94708
94832
94988
95103
95296
95476
95572
95668
95828
96003
96161
96284
96428
96548
96676
96812
97004
97191
97393
97516
97676
97808
97947
98068
98147
98288
98539
98708
98836
99068
99203
99376
99508
99639
99776
99911
100053
100179
100309
100449
100588
100732
100948
101072
101228
101313
101428
101569
101776
101875
102017
102177
102325
102447
102572
102772
102932
103052
103213
103347
103468
103568
103697
103825
103959
104164
104337
104444
104612
104756
104913
105057
105232
105356
105484
105628
105775
105993
106097
106292
106475
106576
106767
106816
106916
107075
107252
107397
107524
107721
107836
108063
108176
108352
108441
108621
108764
108963
109091
109316
109443
109613
109773
109916
110116
110224
110332
110524
110687
110889
111004
111123
111212
111371
111472
111619
111764
111861
112016
112192
112311
112419
112576
112724
112869
112993
113156
113301
113571
113725
113823
114005
114148
114273
114412
114489
114611
114748
114916
115084
115228
115351
115468
115636
115796
115975
116091
116236
116427
116575
116699
116811
116944
117076
117212
117333
117548
117644
117892
118089
118208
118325
118469
118652
118803
118975
119212
119351
119492
119675
119817
119943
120051
120236
120388
120491
120637
120775
120896
121076
121221
121373
121525
121707
121868
122047
122224
122373
122572
122704
122841
123052
123201
123273
123399
123507
123632
123813
123925
124112
124263
124479
124612
124736
124892
124988
125084
125228
125309
125525
125703
125956
126052
126172
126332
126512
126704
126884
126959
127076
127251
127431
127557
127841
127964
128176
128252
128429
128636
128797
128944
129123
129296
129436
129524
129692
129772
129933
130048
130244
130348
130496
130672
130828
130925
131116
131301
131392
131636
131728
131825
131948
132025
132148
132304
132453
132604
132723
132796
132937
133148
133268
133396
133568
133696
133828
134012
134189
134324
134468
134588
134716
134884
135027
135153
135247
135452
135644
135819
136016
136161
136336
136564
136684
136819
137012
137083
137204
137348
137493
137619
137792
137961
138052
138231
138352
138447
138692
138832
138988
139088
139239
139375
139484
139599
139792
139993
140204
140356
140463
140612
140787
140975
141068
141175
141356
141507
141632
141748
141875
142075
142172
142292
142412
142768
142928
143084
143216
143356
143504
143613
143804
143996
144068
144292
144475
144621
144761
144873
145025
145171
145269
145472
145647
145828
145975
146092
146236
146396
146516
146691
146788
146975
147068
147236
147388
147575
147699
147843
148003
148112
148311
148492
148709
148868
149012
149221
149375
149476
149636
149707
149913
150032
150208
150291
150464
150596
150736
150871
151075
151244
151407
151551
151713
151911
152001
152199
152339
152512
152668
152825
152948
153152
153284
153423
153616
153812
153968
154228
154384
154517
154676
154796
154892
154997
155164
155332
155525
155691
155869
155984
156175
156316
156428
156556
156652
156836
156932
157041
157264
157376
157484
157663
157829
157996
158128
158229
158425
158528
158812
158932
159116
159308
159428
159568
159725
159923
160052
160192
160443
160567
160675
160924
161051
161199
161372
161584
161732
161883
162025
162172
162337
162441
162608
162801
163004
163121
163225
163376
163532
163719
163844
164044
164156
164277
164425
164572
164708
164816
164972
165076
165199
165404
165556
165717
165916
166059
166156
166329
166468
166636
166832
166943
167101
167248
167396
167553
167708
167836
168016
168208
168356
168524
168723
168892
169072
169209
169396
169552
169687
169804
169883
170048
170228
170444
170596
170756
170908
171025
171172
171349
171451
171664
171748
171916
172076
172252
172449
172611
172756
172909
173079
173164
173392
173552
173648
173781
173948
174164
174292
174411
174511
174644
174843
174979
175099
175184
175401
175563
175675
175844
175964
176084
176236
176432
176636
176828
177037
177129
177281
177453
177619
177812
177991
178137
178273
178484
178587
178749
178844
179019
179236
179353
179468
179668
179825
179927
180099
180212
180416
180548
180716
180925
181053
181172
181316
181379
181612
181756
182075
182228
182359
182564
182708
182917
183052
183177
183292
183452
183572
183772
183884
184108
184292
184412
184612
184761
184916
185171
185308
185408
185644
185825
185967
186129
186347
186475
186652
186748
186908
187028
187225
187324
187472
187675
187911
188081
188236
188464
188548
188675
188816
188992
189117
189232
189328
189531
189632
189801
189973
190091
190192
190352
190467
190612
190801
190928
191056
191228
191428
191612
191788
191876
192064
192196
192447
192573
192663
192861
193075
193216
193412
193525
193653
193808
193925
194092
194283
194383
194499
194624
194825
195057
195196
195309
195484
195633
195824
195957
196083
196208
196343
196496
196637
196796
196925
197075
197264
197397
197552
197675
197852
198005
198125
198256
198425
198603
198736
198956
199107
199228
199412
199577
199737
199828
200061
200225
200404
200492
200603
200727
200924
201104
201316
201439
201573
201728
201949
202108
202225
202364
202544
202732
202869
203068
203157
203468
203589
203787
203956
204124
204244
204475
204651
204788
204944
205052
205263
205388
205628
205724
205839
205948
206144
206308
206459
206631
206692
206768
207027
207188
207308
207425
207567
207716
207884
208039
208192
208324
208528
208701
208809
209008
209204
209425
209564
209725
209936
210051
210244
210436
210608
210764
210928
211081
211264
211504
211664
211851
211984
212103
212301
212416
212588
212684
212839
213039
213183
213308
213493
213644
213787
214028
214209
214371
214479
214628
214857
214983
215132
215253
215444
215613
215743
215872
216044
216196
216361
216532
216668
216827
216961
217073
217225
217359
217531
217652
217809
217975
218084
218179
218332
218516
218692
218884
219068
219193
219376
219539
219668
219836
220016
220196
220257
220491
220652
220828
220925
221164
221324
221456
221607
221764
222016
222147
222356
222524
222669
222788
222911
223137
223252
223389
223489
223684
223868
224012
224212
224348
224524
224716
224912
225068
225253
225392
225625
225772
225909
226071
226172
226388
226516
226647
226804
227008
227138
227277
227443
227588
227727
227852
227996
228177
228339
228496
228652
228807
229004
229132
229232
229388
229556
229828
229975
230192
230284
230427
230596
230756
230908
231004
231152
231327
231427
231604
231788
231939
232124
232268
232448
232641
232796
232912
233008
233217
233397
233516
233651
233804
233991
234176
234347
234477
234661
234844
234964
235143
235325
235556
235652
235825
235925
236048
236212
236321
236431
236596
236752
236875
236975
237213
237404
237537
237676
237868
237988
238121
238268
238475
238621
238772
238972
239116
239312
239517
239728
240021
240183
240325
240428
240541
240668
240848
241047
241209
241328
241525
241664
241828
241975
242156
242356
242492
242596
242768
242937
243052
243184
243392
243556
243668
243812
243997
244172
244336
244539
244657
244844
245012
245169
245324
245452
245557
245764
245968
246076
246249
246425
246563
246668
246832
246977
247124
247329
247516
247743
247891
248044
248225
248396
248548
248725
248876
249104
249263
249388
249617
249741
249904
250011
250191
250288
250388
250537
250659
250831
251012
251253
251476
251632
251725
251884
252043
252272
252388
252527
252729
252844
252999
253244
253379
253508
253684
253868
253996
254132
254356
254493
254608
254763
254876
255141
255292
255431
255627
255861
256028
256167
256325
256492
256675
256868
256976
257116
257225
257392
257571
257648
257789
257956
258183
258316
258452
258577
258772
258992
259137
259353
259553
259684
259839
260044
260252
260404
260577
260716
260827
261104
261297
261475
261572
261711
261904
262096
262199
262336
262503
262628
262825
262924
263156
263259
263372
263632
263792
263932
264116
264256
264428
264591
264752
264925
265077
265347
265508
265675
265833
266087
266157
266284
266468
266609
266779
266996
267147
267275
267507
267692
267831
268075
268223
268363
268516
268676
268844
268976
269253
269372
269549
269693
269847
269975
270124
270316
270524
270716
270823
270932
271052
271175
271325
271475
271633
271756
271899
272075
272236
272371
272473
272644
272836
272956
273232
273469
273596
273796
273949
274084
274268
274444
274576
274732
274928
275024
275193
275452
275609
275787
276004
276201
276409
276572
276725
276867
276997
277193
277328
277516
277616
277781
277925
278037
278258
278467
278725
278896
279068
279236
279351
279472
279711
279839
280017
280204
280359
280543
280647
280804
280975
281104
281252
281403
281524
281723
281889
282004
282196
282428
282519
282747
282928
283172
283367
283508
283653
283792
283923
284087
284236
284471
284612
284825
284948
285172
285308
285436
285575
285676
285884
286096
286191
286388
286641
286772
286857
287024
287228
287348
287536
287636
287788
287972
288124
288243
288412
288621
288747
288884
289004
289148
289327
289431
289647
289844
289988
290163
290293
290468
290684
290813
290908
291068
291268
291472
291609
291724
291836
291988
292148
292288
292475
292624
292833
293008
293164
293312
293456
293589
293824
293959
294212
294363
294471
294604
294796
295011
295088
295245
295421
295587
295804
295975
296181
296303
296404
296613
296739
296873
297103
297244
297392
297508
297644
297812
297963
298124
298341
298459
298612
298828
298949
299072
299275
299456
299583
299717
299961
300116
300271
300429
300644
300793
300925
301108
301311
301412
301604
301797
302012
302156
302301
302444
302571
302661
302769
302884
303148
303412
303653
303764
303956
304075
304299
304443
304633
304828
305001
305132
305287
305451
305684
305972
306103
306251
306388
306575
306725
306925
307108
307225
307324
307501
307652
307852
308043
308164
308349
308564
308675
308817
308972
309136
309321
309429
309627
309827
310025
310121
310252
310444
310525
310736
310833
310928
311152
311319
311504
311647
311825
311983
312111
312236
312489
312652
312775
312925
313136
313364
313552
313697
313868
314068
314217
314372
314541
314725
314923
315152
315275
315472
315584
315729
315925
316053
316208
316412
316556
316748
316916
317092
317236
317403
317516
317644
317825
318016
318177
318316
318484
318628
318767
318977
319149
319316
319468
319604
319775
319892
320031
320225
320427
320564
320708
320924
321071
321268
321452
321616
321808
321968
322223
322325
322484
322628
322767
322925
323075
323212
323351
323636
323732
323857
324063
324164
324304
324475
324608
324761
324963
325168
325232
325436
325625
325756
325997
326187
326276
326393
326575
326691
326871
327069
327232
327427
327596
327724
327884
328052
328156
328311
328556
328707
328816
328937
329067
329231
329408
329584
329828
329948
330124
330256
330425
330608
330849
331011
331124
331252
331456
331612
331776
331988
332109
332275
332379
332629
332828
332972
333117
333347
333467
333604
333783
333988
334244
334388
334523
334629
334804
334948
335164
335344
335492
335732
335948
336069
336249
336368
336572
336717
336879
336988
337252
337437
337563
337711
337828
337941
338092
338236
338425
338596
338787
338921
339044
339233
339428
339701
339916
340108
340317
340436
340603
340796
340948
341073
341225
341456
341667
341812
341973
342124
342284
342425
342556
342711
342868
343071
343324
343521
343696
343888
344003
344133
344368
344525
344691
344836
344971
345052
345164
345392
345484
345692
345844
346023
346132
346381
346688
346871
346975
347121
347409
347584
347792
347968
348057
348224
348352
348484
348647
348848
349072
349191
349348
349616
349749
349964
350144
350275
350452
350564
350725
350864
351068
351263
351425
351668
351833
351952
352028
352192
352413
352516
352708
352948
353061
353204
353356
353637
353776
353972
354092
354339
354448
354631
354771
354987
355156
355252
355491
355619
355804
356032
356164
356336
356464
356656
356852
357003
357129
357376
357548
357724
357849
358025
358119
358263
358444
358551
358713
358983
359188
359332
359564
359721
359852
360025
360101
360236
360371
360596
360775
360896
361024
361153
361359
361503
361664
361876
362048
362176
362396
362557
362788
362996
363172
363344
363548
363724
363856
363988
364153
364331
364491
364604
364779
364972
365132
365319
365492
365643
365744
365877
366052
366325
366512
366759
366939
367088
367252
367424
367569
367803
367888
367993
368164
368308
368432
368581
368716
368908
368975
369188
369351
369475
369584
369729
369925
370179
370324
370508
370625
370732
370829
371024
371107
371236
371344
371529
371708
371959
372175
372307
372452
372547
372688
372913
373012
373136
373316
373532
373708
373904
373972
374228
374375
374516
374801
374896
375104
375344
375561
375652
375821
375977
376189
376325
376525
376659
376859
377008
377164
377308
377437
377588
377703
377792
378032
378153
378292
378452
378639
378801
379024
379179
379348
379504
379683
379856
379996
380096
380332
380428
380675
380825
380992
381116
381296
381519
381661
381772
381925
382108
382196
382384
382516
382723
382892
383092
383193
383301
383499
383668
383828
384004
384172
384325
384471
384687
384796
384932
385124
385324
385461
385625
385731
385844
385975
386128
386356
386572
386704
386901
387076
387248
387423
387567
387724
387909
388028
388233
388468
388676
388852
389056
389264
389501
389619
389824
389996
390187
390316
390519
390699
390931
391108
391316
391444
391657
391775
392036
392193
392407
392517
392752
392949
393175
393325
393476
393664
393831
393993
394101
394292
394508
394676
394844
395001
395152
395381
395548
395649
395791
395973
396164
396332
396496
396639
396797
396992
397136
397312
397504
397616
397809
397989
398183
398313
398439
398644
398828
399088
399248
399411
399508
399692
399884
400077
400347
400453
400612
400779
400912
401117
401332
401516
401599
401728
401872
402044
402188
402364
402489
402692
402809
402964
403173
403292
403525
403724
403907
404037
404253
404433
404577
404675
404828
404944
405124
405377
405488
405644
405775
405968
406124
406256
406444
406576
406719
406876
407097
407248
407459
407536
407763
407961
408092
408249
408404
408596
408796
408951
409172
409328
409487
409707
409844
410069
410224
410372
410525
410692
410944
411093
411273
411484
411728
411903
412144
412325
412403
412677
412816
412981
413164
413456
413584
413707
413903
414175
414272
414459
414657
414819
415075
415252
415424
415629
415825
415971
416113
416272
416439
416549
416763
416943
417188
417344
417532
417699
417904
418108
418239
418388
418541
418675
418816
418941
419044
419248
419396
419587
419749
419843
420076
420208
420388
420572
420752
420928
421072
421292
421436
421588
421775
421919
422036
422225
422411
422612
422768
422992
423153
423387
423532
423711
423884
424075
424233
424484
424701
424852
425044
425173
425369
425525
425673
425764
425957
426148
426267
426483
426652
426796
426928
427036
427204
427436
427508
427675
427796
427925
428113
428276
428425
428548
428788
428931
429076
429245
429399
429584
429776
430016
430173
430324
430533
430748
430868
431092
431199
431372
431523
431692
431875
432052
432207
432356
432644
432772
432944
433084
433179
433413
433561
433737
433973
434116
434287
434529
434708
434864
435069
435284
435452
435573
435757
435856
436052
436257
436419
436556
436684
436844
437068
437252
437392
437548
437732
437876
438057
438161
438356
438541
438692
438884
439083
439232
439353
439481
439612
439744
439925
440144
440332
440577
440816
440951
441092
441297
441436
441724
441911
442053
442172
442304
442436
442588
442791
442996
443108
443276
443493
443673
443763
443891
444116
444272
444433
444575
444748
444897
445059
445232
445459
445675
445833
445972
446132
446372
446528
446668
446924
447068
447201
447337
447476
447669
447808
448011
448124
448348
448484
448693
448839
448975
449156
449308
449425
449552
449744
449991
450207
450404
450572
450752
450964
451089
451228
451399
451604
451708
451989
452123
452349
452444
452588
452692
452863
452997
453175
453389
453524
453725
453969
454156
454441
454573
454775
454928
455044
455236
455391
455612
455788
455932
456128
456268
456363
456644
456784
456921
457136
457316
457508
457675
457807
457936
458159
458307
458468
458596
458739
458953
459124
459275
459436
459568
459925
460048
460228
460352
460532
460747
460912
461072
461236
461348
461504
461629
461872
462052
462212
462367
462524
462663
462843
462964
463084
463228
463376
463508
463604
463808
463959
464192
464391
464517
464679
464931
465059
465232
465436
465644
465903
466049
466148
466352
466556
466768
466975
467163
467308
467468
467648
467776
467919
468068
468217
468437
468592
468764
468964
469124
469316
469424
469629
469763
470007
470164
470331
470468
470684
470853
471028
471244
471356
471524
471668
471892
472064
472324
472508
472684
472844
472988
473103
473231
473476
473644
473812
474057
474199
474325
474476
474683
474761
475004
475204
475372
475588
475723
475925
476144
476275
476411
476667
476829
476972
477164
477328
477587
477781
477956
478132
478323
478528
478672
478777
478925
479097
479296
479447
479564
479781
479936
480176
480308
480412
480625
480771
480944
481136
481456
481588
481744
481904
482156
482276
482428
482588
482704
482877
482996
483152
483316
483471
483628
483788
484004
484144
484317
484475
484675
484847
485036
485164
485312
485451
485573
485764
485948
486117
486256
486428
486541
486747
486891
487121
487372
487525
487744
487952
488144
488324
488525
488692
488876
488997
489152
489303
489536
489627
489812
489988
490171
490343
490473
490652
490869
491031
491247
491408
491548
491684
491884
492068
492307
492452
492607
492848
492989
493191
493381
493516
493667
493825
493936
494108
494288
494524
494663
494851
495011
495184
495412
495548
495711
495932
496084
496388
496539
496691
496852
497008
497225
497369
497468
497791
497956
498051
498224
498416
498591
498716
498884
499036
499132
499383
499599
499792
499952
500116
500336
500476
500672
500804
500949
501079
501232
501412
501597
501824
502064
502192
502364
502468
502592
502748
502897
503075
503212
503379
503588
503725
503883
504081
504188
504388
504549
504752
504892
505039
505292
505441
505664
505828
505972
506164
506367
506524
506691
506831
506997
507257
507425
507632
507844
508016
508204
508336
508527
508688
508828
508988
509159
509372
509584
509777
509972
510183
510332
510487
510633
510812
510932
511047
511276
511436
511652
511857
512048
512188
512432
512588
512692
512884
513025
513232
513356
513508
513652
513783
513904
514076
514287
514484
514628
514768
514989
515137
515281
515421
515583
515776
515932
516025
516196
516443
516676
516833
516916
517136
517252
517444
517675
517796
517964
518068
518162
518356
518572
518768
518877
519052
519223
519449
519579
519759
519952
520101
520225
520396
520587
520796
521012
521168
521311
521476
521744
521899
522068
522243
522425
522531
522628
522891
523132
523316
523456
523663
523863
523989
524164
524327
524516
524741
524852
525033
525284
525424
525524
525721
525843
526004
526192
526468
526672
526833
526941
527111
527312
527504
527675
527792
528004
528236
528452
528628
528832
528988
529148
529324
529484
529775
530001
530163
530368
530524
530668
530788
530919
531044
531248
531452
531621
531797
531956
532091
532288
532468
532647
532852
532989
533108
533276
533488
533564
533761
534069
534256
534475
534575
534692
534868
535076
535232
535372
535552
535796
535924
536132
536336
536528
536684
536875
537021
537164
537325
537436
537584
537723
537925
538052
538229
538388
538724
538911
539072
539279
539404
539548
539692
539984
540109
540272
540368
540653
540772
540944
541124
541251
541396
541564
541724
541852
541971
542236
542372
542468
542637
542853
542979
543148
543404
543557
543717
544041
544228
544372
544556
544743
544912
545108
545348
545463
545596
545728
545924
546044
546188
546368
546512
546628
546809
546932
547076
547376
547479
547772
547916
548091
548271
548468
548612
548788
549004
549116
549356
549437
549596
549788
549925
550148
550336
550492
550736
550907
551079
551308
551536
551708
551853
551996
552208
552308
552556
552681
552775
552987
553167
553347
553473
553648
553808
553977
554188
554308
554432
554548
554729
554864
555057
555248
555453
555584
555824
556084
556268
556436
556676
556839
557068
557212
557372
557541
557649
557829
558004
558148
558388
558575
558729
558916
559141
559225
559424
559604
559772
559917
560097
560309
560623
560708
560884
561025
561175
561332
561604
561753
561872
562108
562257
562412
562525
562707
562799
562964
563229
563356
563525
563643
563839
564107
564272
564428
564628
564823
564976
565168
565371
565525
565687
565901
566044
566271
566416
566596
566739
566847
567044
567184
567371
567488
567711
567845
568025
568156
568341
568528
568688
568868
569168
569344
569493
569675
569853
570037
570188
570303
570476
570771
571028
571203
571456
571588
571756
571924
572193
572372
572548
572741
572931
573044
573273
573424
573616
573839
573957
574075
574227
574372
574569
574767
574928
575188
575332
575524
575783
575924
576063
576244
576425
576603
576797
576981
577133
577287
577449
577652
577804
578007
578192
578356
578575
578737
578876
579052
579231
579469
579664
579856
580016
580124
580288
580491
580772
580967
581131
581287
581483
581668
581839
582003
582172
582356
582548
582748
582913
583047
583276
583444
583612
583839
583952
584128
584252
584396
584559
584739
584944
585099
585247
585425
585584
585748
585991
586108
586261
586448
586588
586732
586972
587152
587363
587536
587732
587948
588176
588332
588475
588656
588788
588944
589132
589311
589508
589676
589828
589975
590075
590225
590416
590588
590725
590864
591057
591183
591363
591524
591725
591952
592208
592364
592588
592772
592929
593116
593343
593525
593644
593829
593973
594124
594325
594556
594752
594908
595124
595301
595472
595652
595796
595987
596151
596368
596452
596692
596893
597033
597188
597364
597508
597676
597824
597964
598113
598244
598429
598707
598869
599068
599275
599443
599644
599809
599972
600164
600291
600397
600597
600772
600884
601024
601173
601316
601508
601659
601775
601987
602128
602275
602425
602541
602749
602944
603143
603387
603513
603628
603836
604017
604161
604364
604528
604684
604899
604988
605189
605377
605564
605725
605936
606089
606244
606388
606519
606611
606789
606932
607196
607364
607484
607649
607856
608041
608193
608372
608629
608848
608996
609244
609452
609628
609772
609904
610112
610304
610468
610587
610803
611008
611132
611273
611379
611504
611703
611825
612004
612279
612428
612592
612848
613076
613232
613339
613516
613708
613876
614043
614252
614444
614681
614876
615052
615275
615508
615667
615872
616023
616268
616388
616567
616779
616927
617075
617229
617425
617636
617776
618021
618291
618399
618572
618736
618908
619088
619292
619389
619508
619732
619952
620073
620253
620476
620656
620836
621025
621212
621407
621532
621692
621892
622084
622228
622372
622612
622737
622868
622971
623108
623248
623396
623572
623888
624164
624356
624501
624656
624868
625076
625216
625388
625491
625712
625904
626084
626368
626547
626708
626876
627056
627268
627472
627652
627856
627925
628175
628324
628497
628675
628828
628988
629092
629225
629404
629644
629797
629968
630128
630351
630549
630711
630932
631084
631216
631364
631561
631732
631964
632068
632308
632564
632725
632889
633025
633193
633404
633572
633716
633925
634096
634252
634401
634628
634864
635044
635221
635383
635575
635708
635972
636175
636381
636581
636716
636836
637099
637264
637444
637641
637808
637911
638084
638217
638425
638559
638759
638891
639052
639196
639401
639557
639729
640004
640144
640323
640468
640625
640868
641075
641367
641492
641612
641776
641961
642064
642267
642416
642556
642699
642832
642956
643107
643268
643516
643707
643856
643988
644132
644337
644492
644791
644987
645212
645363
645508
645749
645884
646101
646244
646396
646592
646768
646928
647071
647225
647469
647575
647777
647888
648044
648279
648475
648693
648896
649052
649251
649521
649676
649972
650075
650176
650372
650516
650708
650836
651069
651177
651328
651553
651789
652016
652203
652352
652553
652772
652864
653031
653279
653513
653611
653823
653948
654172
654309
654484
654597
654903
655047
655213
655412
655604
655751
655925
656092
656225
656372
656551
656692
656875
656996
657164
657333
657452
657652
657808
658025
658269
658468
658612
658832
659099
659275
659408
659687
659852
660004
660208
660356
660544
660789
660959
661203
661312
661475
661707
661867
662044
662192
662311
662468
662627
662825
662987
663237
663428
663548
663813
664047
664172
664375
664676
664828
665024
665212
665487
665636
665776
665948
666175
666352
666459
666676
666812
666992
667196
667341
667449
667636
667773
667868
668036
668132
668284
668432
668672
668816
668996
669248
669393
669616
669764
669932
670113
670352
670492
670652
670844
671056
671204
671373
671548
671728
671884
672092
672275
672368
672572
672831
673012
673172
673389
673616
673796
673857
674073
674164
674396
674572
674816
674992
675212
675425
675572
675772
676028
676197
676444
676525
676675
676825
676964
677151
677284
677476
677636
677839
678004
678197
678332
678512
678609
678772
679004
679216
679372
679509
679676
679797
679973
680139
680275
680499
680756
680924
681104
681201
681381
681484
681733
681903
682029
682156
682384
682561
682749
682939
683092
683236
683404
683548
683812
683973
684116
684272
684412
684688
684925
685161
685323
685504
685744
685863
685964
686212
686332
686547
686716
686912
687044
687248
687421
687617
687788
688108
688225
688337
688499
688612
688793
688887
689138
689344
689479
689677
689841
690067
690263
690416
690544
690692
690884
691036
691312
691436
691568
691839
691996
692224
692425
692656
692836
693068
693184
693325
693547
693775
694004
694233
694396
694539
694684
694825
694975
695132
695308
695444
695629
695789
696028
696196
696321
696548
696779
697024
697189
697324
697468
697712
697813
697948
698121
698284
698463
698575
698704
698931
699092
699316
699491
699668
699849
700047
700247
700412
700592
700771
701044
701308
701572
701788
701921
702076
702279
702531
702709
702871
703075
703244
703412
703552
703676
703827
704068
704188
704331
704492
704644
704828
704963
705136
705308
705475
705649
705776
705951
706096
706292
706516
706708
706869
707024
707183
707248
707536
707692
707787
707971
708112
708364
708496
708688
708956
709173
709388
709636
709732
709952
710096
710225
710647
710803
711099
711279
711488
711616
711796
712004
712251
712359
712496
712676
712828
713008
713204
713392
713536
713709
713924
714025
714236
714325
714436
714572
714775
714944
715075
715268
715437
715636
715797
715987
716204
716396
716517
716644
716752
716972
717167
717307
717476
717632
717824
717993
718193
718299
718461
718628
718775
718972
719204
719308
719487
719703
719811
719969
720112
720308
720548
720844
720963
721133
721324
721475
721675
721856
721988
722132
722259
722468
722668
722897
723092
723191
723388
723725
724004
724171
724324
724511
724743
724912
725103
725391
725548
725684
725913
726052
726212
726448
726592
726772
726916
727036
727281
727497
727696
727873
728108
728236
728404
728528
728675
728919
729116
729279
729423
729567
729772
729909
730076
730304
730477
730628
730791
731072
731203
731349
731548
731716
731876
732112
732236
732403
732604
732812
733072
733196
733328
733508
733748
733892
734012
734108
734324
734571
734788
734975
735184
735316
735543
735676
735849
736052
736256
736432
736661
736821
737011
737123
737343
737476
737648
737852
738063
738212
738333
738508
738736
738908
739108
739287
739459
739652
739828
739988
740169
740308
740492
740668
740825
741051
741231
741419
741575
741775
741964
742124
742239
742437
742708
742851
743012
743103
743303
743477
743588
743804
743972
744147
744309
744476
744652
744813
745012
745132
745317
745516
745723
745929
746204
746384
746596
746804
746908
747025
747172
747476
747584
747837
748053
748268
748444
748593
748799
748912
749079
749296
749457
749651
749799
750016
750188
750416
750591
750704
750884
751121
751293
751513
751636
751852
752049
752257
752548
752684
752769
752996
753233
753371
753475
753709
753856
754025
754191
754384
754587
754772
754916
755127
755308
755452
755721
755887
756068
756297
756508
756604
756752
756928
757097
757287
757431
757611
757719
757852
757989
758096
758236
758525
758704
758871
759123
759317
759508
759663
759868
760016
760203
760432
760636
760775
760996
761188
761301
761509
761679
761968
762148
762308
762425
762544
762725
762881
763083
763228
763373
763564
763713
763916
764132
764357
764476
764656
764825
764996
765243
765463
765783
765844
765988
766132
766252
766484
766676
766784
766925
767092
767216
767389
767612
767727
767979
768175
768337
768452
768692
768784
769023
769221
769364
769525
769707
769988
770212
770391
770501
770624
770788
770975
771113
771219
771412
771556
771796
771919
772137
772336
772544
772672
772879
773125
773379
773516
773653
773876
774099
774275
774428
774608
774848
775004
775172
775325
775475
775616
775804
775972
776241
776368
776547
776656
776907
777076
777236
777449
777681
777916
778077
778276
778419
778576
778732
778851
778996
779252
779425
779575
779732
780011
780172
780284
780484
780608
780784
780947
781084
781289
781504
781659
781775
781988
782323
782528
782721
782948
783124
783296
783476
783652
783868
783991
784132
784304
784496
784675
784775
784989
785212
785411
785681
785836
786004
786231
786512
786704
786836
786989
787196
787324
787484
787653
787869
788031
788247
788373
788548
788679
788859
789044
789175
789309
789439
789651
789808
790025
790208
790388
790588
790796
790928
791116
791324
791548
791675
791836
792052
792175
792368
792592
792772
792964
793053
793225
793521
793664
793899
794123
794275
794461
794672
794807
794944
795152
795319
795436
795716
795843
796027
796196
796412
796604
796797
796959
797168
797372
797612
797828
797956
798187
798479
798676
798832
799004
799168
799276
799375
799587
799749
799888
800075
800271
800528
800708
800848
801081
801232
801428
801532
801728
801868
802017
802233
802436
802628
802881
803077
803349
803525
803636
803932
804124
804292
804433
804604
804772
804976
805136
805316
805604
805739
805869
805988
806103
806319
806464
806643
806836
807028
807148
807316
807475
807644
807831
808004
808159
808281
808461
808688
808825
809075
809253
809392
809489
809636
809901
810067
810268
810477
810625
810736
810944
811073
811312
811556
811724
811856
812044
812223
812468
812675
812908
813159
813284
813404
813548
813676
813933
814221
814323
814508
814676
814864
815092
815275
815492
815636
815824
815956
816128
816327
816532
816692
817004
817244
817436
817588
817772
817983
818109
818323
818447
818668
818901
819107
819188
819472
819711
819856
820031
820172
820359
820528
820628
820804
821056
821241
821428
821584
821684
821776
821972
822212
822429
822592
822736
822897
823113
823292
823516
823689
823852
824036
824188
824308
824492
824708
824816
825004
825196
825371
825575
825644
825813
826029
826209
826325
826544
826775
826898
827132
827289
827559
827692
827825
828081
828269
828459
828747
828943
829072
829264
829377
829593
829701
829876
829975
830084
830207
830384
830575
830799
830979
831175
831284
831476
831692
831879
832031
832175
832336
832525
832775
832925
833116
833276
833516
833643
833823
833972
834052
834291
834368
834524
834752
834896
835075
835228
835389
835675
835792
836032
836252
836492
836656
836812
836973
837136
837308
837436
837693
837808
837952
838179
838268
838484
838676
838876
839061
839197
839284
839444
839708
839824
839961
840148
840404
840524
840676
840772
840964
841136
841311
841444
841684
841948
842039
842228
842432
842684
842863
843044
843244
843412
843628
843725
843925
844196
844299
844528
844748
844868
844988
845109
845276
845476
845708
845847
846004
846224
846425
846575
846704
846891
847017
847216
847359
847503
847651
847827
848061
848349
848549
848668
848828
848979
849172
849412
849644
849843
850004
850267
850419
850624
850775
851008
851204
851427
851588
851728
851948
852116
852316
852507
852723
852892
853029
853175
853348
853531
853628
853857
854092
854275
854512
854636
854948
855081
855308
855524
855716
855837
855999
856124
856325
856516
856675
856827
856979
857188
857425
857525
857744
857872
858013
858125
858356
858524
858661
858775
858987
859149
859244
859412
859564
859851
860144
860368
860572
860725
860956
861116
861363
861507
861641
861776
862012
862119
862292
862429
862713
862825
863019
863204
863372
863572
863723
863873
864027
864256
864508
864711
864932
865233
865341
865588
865781
865989
866224
866368
866564
866675
866924
867044
867212
867429
867609
867892
868059
868288
868468
868627
868753
868964
869104
869296
869452
869636
869824
869996
870236
870371
870633
870764
870956
871088
871292
871604
871732
871952
872128
872332
872491
872596
872811
872996
873232
873484
873647
873788
873916
874075
874316
874492
874628
874768
874948
875276
875428
875584
875801
875993
876224
876352
876464
876608
876887
877108
877252
877491
877613
877748
877925
878092
878211
878428
878525
878725
878908
879057
879217
879404
879664
879772
879991
880084
880336
880579
880676
880868
881116
881264
881425
881596
881757
882009
882148
882316
882637
882796
883075
883172
883367
883516
883664
883891
884084
884284
884389
884684
884876
885004
885184
885392
885596
885771
885884
886059
886205
886384
886628
886868
887024
887228
887492
887725
887872
888028
888201
888417
888512
888644
888988
889229
889316
889468
889676
889844
889996
890128
890348
890476
890667
890924
891137
891292
891477
891676
891788
891964
892196
892339
892592
892769
892964
893097
893187
893311
893468
893692
893924
894141
894308
894519
894681
894896
895073
895316
895573
895756
895936
896063
896193
896463
896612
896751
896949
897164
897308
897436
897604
897796
897968
898112
898364
898516
898732
898893
899109
899307
899476
899649
899876
900092
900272
900436
900571
900784
900981
901277
901396
901571
901744
901969
902116
902297
902444
902672
902848
903068
903236
903425
903568
903724
903908
904048
904252
904412
904532
904707
904868
905104
905348
905536
905732
905932
906157
906291
906575
906669
906921
907108
907276
907407
907627
907825
908125
908347
908464
908612
908829
909008
909212
909484
909596
909836
909999
910132
910283
910409
910544
910684
910827
911009
911331
911492
911728
911908
912052
912244
912425
912592
912844
913113
913225
913401
913532
913712
913833
914044
914157
914324
914468
914675
914877
915028
915219
915392
915532
915692
915841
916016
916304
916508
916612
916767
916892
917012
917264
917451
917613
917819
917968
918117
918244
918407
918556
918772
918927
919084
919252
919396
919588
919773
919867
920061
920259
920447
920637
920857
920944
921124
921308
921476
921664
921897
922059
922252
922473
922652
922851
923024
923092
923308
923463
923696
923876
924068
924268
924475
924688
924925
925172
925325
925516
925648
925844
926012
926225
926397
926577
926768
927009
927236
927387
927603
927783
927925
928204
928432
928612
928827
929072
929275
929524
929669
929779
929975
930092
930352
930484
930611
930747
930933
931088
931264
931441
931628
931792
931977
932247
932517
932692
932864
933021
933136
933327
933499
933808
933971
934204
934381
934564
934739
934925
935056
935307
935575
935703
935932
936116
936317
936524
936688
936812
937024
937168
937325
937557
937808
937909
938108
938284
938547
938692
938864
938992
939164
939325
939452
939668
939836
940012
940172
940336
940624
940825
940977
941161
941339
941607
941851
942092
942237
942363
942475
942652
942849
943088
943207
943443
943659
943821
944083
944252
944377
944572
944739
944883
945161
945316
945488
945716
945873
946028
946233
946436
946631
946809
946996
947152
947317
947516
947675
947932
948208
948357
948572
948716
949028
949184
949372
949571
949743
949904
950069
950284
950464
950704
950907
951068
951248
951472
951611
951849
951923
952124
952351
952609
952767
952903
953024
953197
953359
953492
953756
953884
953996
954171
954373
954608
954736
954925
955072
955312
955475
955664
955796
955953
956096
956349
956511
956684
956864
956979
957188
957388
957556
957724
957969
958077
958192
958383
958684
958864
959116
959275
959488
959669
959851
959996
960196
960347
960524
960692
960836
961084
961276
961424
961648
961829
962036
962224
962433
962649
962828
963009
963344
963477
963596
963812
964025
964175
964276
964539
964688
964928
965153
965275
965421
965684
965852
966068
966173
966388
966604
966775
967041
967184
967292
967508
967724
967892
968075
968276
968427
968624
968788
969073
969291
969489
969651
969764
969872
970036
970204
970461
970556
970713
970857
971057
971228
971452
971632
971829
972112
972292
972436
972628
972801
972963
973179
973483
973724
973888
974007
974219
974367
974524
974659
974804
975087
975248
975428
975668
975956
976112
976364
976527
976708
976912
977063
977252
977456
977612
977787
977924
978116
978325
978448
978587
978748
978925
979075
979253
979421
979568
979775
979975
980132
980307
980443
980631
980725
980975
981116
981268
981424
981639
981875
982064
982244
982364
982521
982732
982899
983061
983396
983525
983727
983888
984064
984267
984411
984573
984752
984892
985004
985169
985328
985564
985787
985988
986108
986288
986432
986572
986791
986967
987172
987332
987556
987676
987788
988096
988292
988481
988691
988892
989073
989236
989476
989572
989804
990076
990272
990452
990596
990791
991071
991252
991472
991604
991792
991988
992164
992284
992468
992644
992789
992933
993172
993289
993556
993788
993932
994131
994293
994437
994564
994775
994996
995132
995283
995427
995564
995769
995975
996316
996416
996575
996752
996916
997075
997297
997477
997616
997796
998081
998181
998356
998523
998768
998908
999257
999412
999524
999728
999927
