250 250 250
20204 13272
69674 41427
85187 53322
62899 48831
46718 22853
93119 77450
23854 61148
51192 46081
66468 96245
19200 16587
77837 65249
4425 35080
45111 75085
70088 96694
45 9513
39138 17846
59274 20250
89924 25164
73996 44461
83666 52823
30273 37066
98215 76785
22867 70480
66725 49407
82346 5687
87288 2277
37358 60183
51620 91713
4759 82469
8335 21708
55907 21157
57759 47473
72637 15181
75994 47683
506 62985
52 59661
52798 47131
17611 14619
64026 75665
97704 688
2966 46372
22907 84993
93058 56676
55497 74527
12588 14170
35327 63832
27657 68495
83676 93086
40769 16647
95984 76022
52035 57627
4758 96036
27007 4834
96851 22370
23058 91033
53757 10908
95901 42376
99052 76664
67544 5311
19481 54550
34734 80132
48627 71160
64246 62392
95391 48655
24677 21367
78994 91375
3764 93065
97899 83753
22475 30771
38157 11102
22010 45533
4262 8266
1283 34263
39575 3314
74216 68827
48959 75408
46569 8951
87695 97586
62593 27167
48535 99438
90813 3622
96687 43881
43986 10929
41701 94586
5689 66461
28347 96210
4476 27699
78315 32609
52275 5759
90938 17890
9650 26492
51795 39897
53835 56219
83387 39490
55280 16428
20051 48274
92155 46093
73375 16738
27677 36142
18955 31428
27638 49718
93769 47302
96263 48466
54226 72084
89974 48539
75031 61516
1414 99625
72196 26826
82668 55249
88030 71935
20209 37948
393 8081
41171 28717
81211 73768
5196 85200
34918 166
63821 49186
97653 28688
772 60084
8623 68231
29747 7099
23076 6
43184 31161
2763 11624
83560 25852
80152 7145
31578 20121
65190 96898
70666 72749
57950 62753
62920 92215
41401 9220
37908 43093
19529 39054
23637 55033
78484 44505
44511 53385
898 17912
29536 87696
29900 3661
10806 29448
65922 26405
23303 42384
31486 31112
93866 10321
2536 5788
15008 73138
32583 60290
99344 69269
24302 52112
12969 22982
92719 19138
53402 57481
61529 93617
13631 82938
28739 7781
34186 24437
83174 11013
58477 73841
84163 31012
36800 68695
41833 3051
63341 68160
37429 90768
59233 79038
18372 78083
97221 72202
46035 11091
4708 50623
49914 7564
15346 34691
75481 95005
6018 65884
39726 58655
6019 64495
49543 40241
43292 42819
27331 91376
98497 6634
85672 64761
42844 57730
46284 20396
31487 56418
7041 92320
16236 52547
87239 73307
84664 31582
13819 62720
37727 7034
71530 69897
10138 43746
2917 21073
28801 53430
60064 30248
11361 43650
17732 62088
82484 54206
10624 64017
72689 30323
82871 34017
23677 88925
36860 86462
49182 8341
15376 50679
20576 3261
63359 3258
40683 30714
84144 82628
29228 85836
45839 60561
22649 40590
11148 63571
27588 21486
51809 38124
88493 16629
5555 34680
37494 12170
36864 42415
9446 86676
6289 68592
88202 30022
77088 86000
68628 28885
31073 77584
38145 97857
54799 76912
40484 77147
98633 82299
20423 84424
1054 66794
17827 8916
37439 6609
65376 55321
58350 74303
42895 74822
21196 64639
50640 31097
76334 98284
75868 35620
49829 7407
672 30366
23865 4628
86927 41156
41932 38850
5644 23702
32619 42986
65947 23471
78793 70058
60713 31323
22497 37143
18134 19960
67409 43693
41977 85126
20747 60095
67502 34198
64564 70576
91557 68174
25682 88429
27279 94836
34891 67615
26953 32923
72747 67510
53920 9253
40576 67892
21387 30985
67297 63074
6767 39521
41000 34706
94801 65097
99295 61747
48675 78655
63182 80211
68640 56584
67773 88864
72831 12271
61546 2664
70174 16137
25390 50645
18537 40446
87783 82318
61744 39924
95798 55080
89786 84864
49961 36798
14897 939
79594 65608
45819 79924
36509 42776
47993 30811
43082 4282
6946 37176
53313 20980
71626 93472
50270 95055
77374 90163
46440 38053
93133 39118
23982 58590
11740 99271
210 90295
55903 26637
22913 96156
38933 1722
48885 59422
80056 3278
56806 8319
29300 3354
13178 26472
21527 17278
7441 63448
17853 15253
54372 70233
28823 10986
26609 94706
85002 40563
83552 26819
39328 40905
58980 6466
82240 78261
97891 24217
32537 78649
82003 71049
97521 61837
95467 95182
58630 35401
50654 2908
89494 76484
3822 21378
16085 18317
75233 46784
73603 1087
58344 58785
81603 12931
7544 33676
57894 63844
42493 21787
92837 90431
68620 24496
36030 6710
42111 64087
83347 11013
3849 9118
30496 72841
7511 7671
54455 46581
64020 82744
57881 44411
73694 22365
56041 39485
3329 97591
35730 13935
4366 45822
86670 44919
51630 89338
53425 39053
50066 10093
19211 36773
25966 53915
77938 66060
12641 33477
32573 32394
93157 76662
15379 90455
29940 83203
80794 71420
1708 33269
95443 32877
77796 22426
11765 98465
37518 45778
72224 81542
34667 87584
57851 7787
73847 76986
10463 35790
68184 86489
79503 59389
49844 77693
60896 94882
82654 96136
45757 58043
7272 714
23141 41200
56017 85068
47199 51258
32800 9888
13824 35775
43562 83820
60806 71676
7466 17410
20251 87621
47010 92002
69695 99754
10988 13206
9342 46943
21338 9994
10709 55099
12651 28610
13679 33850
1460 68669
94909 77230
13005 34260
34432 8733
80409 56567
90329 95238
82860 87875
96229 10580
26686 46222
59429 65924
29220 54026
64021 68771
23871 50558
79169 74730
24932 52874
37895 9200
2782 26392
77004 32804
41538 15787
88706 11437
6675 21947
26175 95388
5968 5887
52110 22404
4681 49007
3033 11539
96662 33901
811 83406
58136 36885
89760 79980
89180 99420
25812 27655
76812 91962
24101 2817
30606 18350
56649 29160
24548 53633
59521 99176
37933 46868
95875 27983
55874 42614
92867 15261
98667 52536
5774 93678
90011 73156
72576 95534
39541 95543
87506 14741
33910 32705
51055 27959
57119 64516
18149 24057
23233 98019
44888 94022
38357 61166
20132 57115
72376 94231
63120 12999
23030 87396
60552 68894
80780 13041
8584 49480
64221 36673
69379 12442
40402 98131
78999 36786
60843 13873
11893 13501
23875 429
61595 56781
30248 62233
72816 81728
11079 2625
6373 35936
21182 34109
63502 83277
32757 18314
54988 72087
84529 13331
27814 40719
93857 41283
71509 6814
20315 54701
55130 83402
56535 44190
22775 33077
14805 86783
5760 95592
31528 42237
92698 12133
95410 69063
87377 56201
28288 44520
57851 58717
15788 29169
86805 85665
8831 9646
64347 58314
58068 45498
6041 35829
68906 14603
