1, 2161 1381 0.564808110065
2, 1059 779 0.359435173299
3, 1671 1147 0.456843940715
4, 901 657 0.371385083714
5, 1448 1010 0.433663366337
6, 2043 1293 0.580046403712
7, 1219 915 0.332240437158
8, 1998 1308 0.52752293578
9, 820 646 0.269349845201
10, 1401 983 0.42522889115
11, 1894 1182 0.602368866328
12, 1141 875 0.304
13, 1783 1101 0.619436875568
14, 1882 1280 0.4703125
15, 1503 1035 0.452173913043
16, 2129 1369 0.555149744339
17, 2219 1383 0.604483007954
18, 1012 780 0.297435897436
19, 988 732 0.349726775956
20, 2201 1475 0.492203389831
21, 1861 1277 0.457321848081
22, 1108 804 0.378109452736
23, 251 215 0.167441860465
24, 1826 1190 0.534453781513
25, 1423 1019 0.396467124632
26, 2093 1361 0.537839823659
27, 846 612 0.382352941176
28, 1440 1012 0.422924901186
29, 1223 837 0.461170848268
30, 684 532 0.285714285714
31, 2042 1354 0.508124076809
32, 2208 1426 0.548387096774
33, 2046 1334 0.533733133433
34, 1527 1025 0.489756097561
35, 1006 768 0.309895833333
36, 2057 1331 0.545454545455
37, 1075 747 0.439089692102
38, 2016 1284 0.570093457944
39, 1412 974 0.449691991786
40, 1108 768 0.442708333333
41, 31 31 0.0
42, 2171 1411 0.53862508859
43, 2160 1376 0.56976744186
44, 508 478 0.0627615062762
45, 2069 1311 0.578184591915
46, 2064 1294 0.595054095827
47, 1495 1033 0.447241045499
48, 1238 832 0.487980769231
49, 1621 1077 0.505106778087
50, 1360 924 0.471861471861
51, 1847 1227 0.505297473513
52, 1940 1284 0.510903426791
53, 2187 1419 0.541226215645
54, 2268 1518 0.494071146245
55, 1477 953 0.549842602308
56, 1938 1234 0.570502431118
57, 2086 1374 0.518195050946
58, 1641 1145 0.433187772926
59, 1475 975 0.512820512821
60, 2118 1384 0.530346820809
61, 2065 1363 0.515040352164
62, 1367 915 0.493989071038
63, 1902 1248 0.524038461538
64, 2048 1368 0.497076023392
65, 659 497 0.325955734406
66, 2201 1423 0.546732255798
67, 1792 1158 0.547495682211
68, 2159 1347 0.60282108389
69, 1950 1292 0.509287925697
70, 639 453 0.41059602649
71, 663 527 0.258064516129
72, 890 668 0.332335329341
73, 1766 1120 0.576785714286
74, 1648 1146 0.438045375218
75, 0 0
76, 1835 1261 0.455194290246
77, 910 700 0.3
78, 1704 1108 0.537906137184
79, 1067 815 0.309202453988
80, 2234 1426 0.566619915849
81, 1830 1218 0.502463054187
82, 301 241 0.248962655602
83, 739 551 0.341197822142
84, 858 680 0.261764705882
85, 1143 787 0.452350698856
86, 1563 1033 0.513068731849
87, 1402 996 0.407630522088
88, 2208 1414 0.56152758133
89, 24 24 0.0
90, 1936 1246 0.553772070626
91, 1690 1144 0.477272727273
92, 2273 1407 0.615493958778
93, 1206 906 0.331125827815
94, 230 200 0.15
95, 1518 1066 0.424015009381
96, 1926 1250 0.5408
97, 642 574 0.118466898955
98, 1310 898 0.458797327394
99, 199 173 0.150289017341
100, 1291 905 0.426519337017
