1000 2000 10
7
1 2 3 4 5 6 7
10
1 2 3 4 5 6 7 8 9 10
1
1
8
1 2 3 4 5 6 7 8
3
1 2 3
8
1 2 3 4 5 6 7 8
9
1 2 3 4 5 6 7 8 9
9
1 2 3 4 5 6 7 8 9
6
1 2 3 4 5 6
10
1 2 3 4 5 6 7 8 9 10
6
1 2 3 4 5 6
1
1
4
1 2 3 4
9
1 2 3 4 5 6 7 8 9
2
1 2
10
1 2 3 4 5 6 7 8 9 10
10
1 2 3 4 5 6 7 8 9 10
1
1
6
1 2 3 4 5 6
10
1 2 3 4 5 6 7 8 9 10
8
1 2 3 4 5 6 7 8
2
1 2
3
1 2 3
10
1 2 3 4 5 6 7 8 9 10
7
1 2 3 4 5 6 7
6
1 2 3 4 5 6
10
1 2 3 4 5 6 7 8 9 10
10
1 2 3 4 5 6 7 8 9 10
10
1 2 3 4 5 6 7 8 9 10
1
1
1
1
3
1 2 3
10
1 2 3 4 5 6 7 8 9 10
9
1 2 3 4 5 6 7 8 9
10
1 2 3 4 5 6 7 8 9 10
10
1 2 3 4 5 6 7 8 9 10
4
1 2 3 4
1
1
2
1 2
5
1 2 3 4 5
1
1
9
1 2 3 4 5 6 7 8 9
10
1 2 3 4 5 6 7 8 9 10
7
1 2 3 4 5 6 7
7
1 2 3 4 5 6 7
4
1 2 3 4
7
1 2 3 4 5 6 7
7
1 2 3 4 5 6 7
4
1 2 3 4
3
1 2 3
9
1 2 3 4 5 6 7 8 9
5
1 2 3 4 5
9
1 2 3 4 5 6 7 8 9
4
1 2 3 4
2
1 2
5
1 2 3 4 5
8
1 2 3 4 5 6 7 8
7
1 2 3 4 5 6 7
10
1 2 3 4 5 6 7 8 9 10
7
1 2 3 4 5 6 7
10
1 2 3 4 5 6 7 8 9 10
1
1
2
1 2
3
1 2 3
1
1
6
1 2 3 4 5 6
5
1 2 3 4 5
6
1 2 3 4 5 6
7
1 2 3 4 5 6 7
8
1 2 3 4 5 6 7 8
2
1 2
7
1 2 3 4 5 6 7
10
1 2 3 4 5 6 7 8 9 10
6
1 2 3 4 5 6
4
1 2 3 4
1
1
7
1 2 3 4 5 6 7
2
1 2
9
1 2 3 4 5 6 7 8 9
10
1 2 3 4 5 6 7 8 9 10
1
1
4
1 2 3 4
5
1 2 3 4 5
8
1 2 3 4 5 6 7 8
3
1 2 3
10
1 2 3 4 5 6 7 8 9 10
5
1 2 3 4 5
5
1 2 3 4 5
1
1
3
1 2 3
6
1 2 3 4 5 6
10
1 2 3 4 5 6 7 8 9 10
10
1 2 3 4 5 6 7 8 9 10
2
1 2
8
1 2 3 4 5 6 7 8
6
1 2 3 4 5 6
7
1 2 3 4 5 6 7
2
1 2
6
1 2 3 4 5 6
5
1 2 3 4 5
1
1
5
1 2 3 4 5
1
1
4
1 2 3 4
3
1 2 3
3
1 2 3
4
1 2 3 4
1
1
10
1 2 3 4 5 6 7 8 9 10
9
1 2 3 4 5 6 7 8 9
5
1 2 3 4 5
2
1 2
9
1 2 3 4 5 6 7 8 9
3
1 2 3
10
1 2 3 4 5 6 7 8 9 10
2
1 2
8
1 2 3 4 5 6 7 8
6
1 2 3 4 5 6
8
1 2 3 4 5 6 7 8
4
1 2 3 4
6
1 2 3 4 5 6
2
1 2
4
1 2 3 4
6
1 2 3 4 5 6
4
1 2 3 4
6
1 2 3 4 5 6
3
1 2 3
10
1 2 3 4 5 6 7 8 9 10
9
1 2 3 4 5 6 7 8 9
7
1 2 3 4 5 6 7
1
1
5
1 2 3 4 5
8
1 2 3 4 5 6 7 8
4
1 2 3 4
7
1 2 3 4 5 6 7
9
1 2 3 4 5 6 7 8 9
3
1 2 3
5
1 2 3 4 5
5
1 2 3 4 5
8
1 2 3 4 5 6 7 8
4
1 2 3 4
8
1 2 3 4 5 6 7 8
6
1 2 3 4 5 6
9
1 2 3 4 5 6 7 8 9
5
1 2 3 4 5
10
1 2 3 4 5 6 7 8 9 10
8
1 2 3 4 5 6 7 8
6
1 2 3 4 5 6
7
1 2 3 4 5 6 7
2
1 2
5
1 2 3 4 5
3
1 2 3
4
1 2 3 4
5
1 2 3 4 5
9
1 2 3 4 5 6 7 8 9
7
1 2 3 4 5 6 7
9
1 2 3 4 5 6 7 8 9
5
1 2 3 4 5
2
1 2
1
1
8
1 2 3 4 5 6 7 8
7
1 2 3 4 5 6 7
2
1 2
3
1 2 3
8
1 2 3 4 5 6 7 8
10
1 2 3 4 5 6 7 8 9 10
7
1 2 3 4 5 6 7
2
1 2
1
1
7
1 2 3 4 5 6 7
9
1 2 3 4 5 6 7 8 9
4
1 2 3 4
2
1 2
8
1 2 3 4 5 6 7 8
3
1 2 3
6
1 2 3 4 5 6
3
1 2 3
10
1 2 3 4 5 6 7 8 9 10
4
1 2 3 4
4
1 2 3 4
3
1 2 3
7
1 2 3 4 5 6 7
5
1 2 3 4 5
1
1
9
1 2 3 4 5 6 7 8 9
8
1 2 3 4 5 6 7 8
3
1 2 3
10
1 2 3 4 5 6 7 8 9 10
8
1 2 3 4 5 6 7 8
9
1 2 3 4 5 6 7 8 9
3
1 2 3
8
1 2 3 4 5 6 7 8
7
1 2 3 4 5 6 7
10
1 2 3 4 5 6 7 8 9 10
3
1 2 3
5
1 2 3 4 5
10
1 2 3 4 5 6 7 8 9 10
1
1
3
1 2 3
9
1 2 3 4 5 6 7 8 9
6
1 2 3 4 5 6
8
1 2 3 4 5 6 7 8
4
1 2 3 4
5
1 2 3 4 5
3
1 2 3
2
1 2
5
1 2 3 4 5
4
1 2 3 4
8
1 2 3 4 5 6 7 8
6
1 2 3 4 5 6
8
1 2 3 4 5 6 7 8
3
1 2 3
6
1 2 3 4 5 6
8
1 2 3 4 5 6 7 8
3
1 2 3
3
1 2 3
7
1 2 3 4 5 6 7
5
1 2 3 4 5
9
1 2 3 4 5 6 7 8 9
4
1 2 3 4
2
1 2
10
1 2 3 4 5 6 7 8 9 10
7
1 2 3 4 5 6 7
10
1 2 3 4 5 6 7 8 9 10
7
1 2 3 4 5 6 7
4
1 2 3 4
4
1 2 3 4
10
1 2 3 4 5 6 7 8 9 10
6
1 2 3 4 5 6
8
1 2 3 4 5 6 7 8
1
1
7
1 2 3 4 5 6 7
4
1 2 3 4
7
1 2 3 4 5 6 7
2
1 2
4
1 2 3 4
4
1 2 3 4
10
1 2 3 4 5 6 7 8 9 10
1
1
1
1
9
1 2 3 4 5 6 7 8 9
9
1 2 3 4 5 6 7 8 9
8
1 2 3 4 5 6 7 8
8
1 2 3 4 5 6 7 8
10
1 2 3 4 5 6 7 8 9 10
7
1 2 3 4 5 6 7
10
1 2 3 4 5 6 7 8 9 10
1
1
8
1 2 3 4 5 6 7 8
2
1 2
4
1 2 3 4
6
1 2 3 4 5 6
9
1 2 3 4 5 6 7 8 9
10
1 2 3 4 5 6 7 8 9 10
8
1 2 3 4 5 6 7 8
6
1 2 3 4 5 6
4
1 2 3 4
6
1 2 3 4 5 6
4
1 2 3 4
7
1 2 3 4 5 6 7
1
1
6
1 2 3 4 5 6
3
1 2 3
5
1 2 3 4 5
7
1 2 3 4 5 6 7
5
1 2 3 4 5
6
1 2 3 4 5 6
5
1 2 3 4 5
9
1 2 3 4 5 6 7 8 9
8
1 2 3 4 5 6 7 8
5
1 2 3 4 5
1
1
5
1 2 3 4 5
9
1 2 3 4 5 6 7 8 9
8
1 2 3 4 5 6 7 8
7
1 2 3 4 5 6 7
2
1 2
4
1 2 3 4
6
1 2 3 4 5 6
10
1 2 3 4 5 6 7 8 9 10
9
1 2 3 4 5 6 7 8 9
1
1
7
1 2 3 4 5 6 7
6
1 2 3 4 5 6
9
1 2 3 4 5 6 7 8 9
7
1 2 3 4 5 6 7
10
1 2 3 4 5 6 7 8 9 10
5
1 2 3 4 5
2
1 2
5
1 2 3 4 5
10
1 2 3 4 5 6 7 8 9 10
6
1 2 3 4 5 6
3
1 2 3
4
1 2 3 4
3
1 2 3
8
1 2 3 4 5 6 7 8
2
1 2
10
1 2 3 4 5 6 7 8 9 10
5
1 2 3 4 5
6
1 2 3 4 5 6
3
1 2 3
1
1
7
1 2 3 4 5 6 7
10
1 2 3 4 5 6 7 8 9 10
8
1 2 3 4 5 6 7 8
2
1 2
5
1 2 3 4 5
8
1 2 3 4 5 6 7 8
7
1 2 3 4 5 6 7
10
1 2 3 4 5 6 7 8 9 10
2
1 2
8
1 2 3 4 5 6 7 8
2
1 2
6
1 2 3 4 5 6
1
1
9
1 2 3 4 5 6 7 8 9
10
1 2 3 4 5 6 7 8 9 10
6
1 2 3 4 5 6
7
1 2 3 4 5 6 7
5
1 2 3 4 5
10
1 2 3 4 5 6 7 8 9 10
5
1 2 3 4 5
6
1 2 3 4 5 6
2
1 2
5
1 2 3 4 5
5
1 2 3 4 5
6
1 2 3 4 5 6
2
1 2
9
1 2 3 4 5 6 7 8 9
8
1 2 3 4 5 6 7 8
6
1 2 3 4 5 6
8
1 2 3 4 5 6 7 8
7
1 2 3 4 5 6 7
4
1 2 3 4
3
1 2 3
6
1 2 3 4 5 6
2
1 2
9
1 2 3 4 5 6 7 8 9
7
1 2 3 4 5 6 7
6
1 2 3 4 5 6
6
1 2 3 4 5 6
3
1 2 3
9
1 2 3 4 5 6 7 8 9
9
1 2 3 4 5 6 7 8 9
1
1
3
1 2 3
5
1 2 3 4 5
6
1 2 3 4 5 6
5
1 2 3 4 5
2
1 2
8
1 2 3 4 5 6 7 8
7
1 2 3 4 5 6 7
5
1 2 3 4 5
8
1 2 3 4 5 6 7 8
5
1 2 3 4 5
5
1 2 3 4 5
7
1 2 3 4 5 6 7
10
1 2 3 4 5 6 7 8 9 10
2
1 2
6
1 2 3 4 5 6
3
1 2 3
8
1 2 3 4 5 6 7 8
7
1 2 3 4 5 6 7
6
1 2 3 4 5 6
6
1 2 3 4 5 6
5
1 2 3 4 5
6
1 2 3 4 5 6
4
1 2 3 4
3
1 2 3
9
1 2 3 4 5 6 7 8 9
10
1 2 3 4 5 6 7 8 9 10
5
1 2 3 4 5
10
1 2 3 4 5 6 7 8 9 10
6
1 2 3 4 5 6
7
1 2 3 4 5 6 7
9
1 2 3 4 5 6 7 8 9
7
1 2 3 4 5 6 7
10
1 2 3 4 5 6 7 8 9 10
7
1 2 3 4 5 6 7
8
1 2 3 4 5 6 7 8
10
1 2 3 4 5 6 7 8 9 10
5
1 2 3 4 5
7
1 2 3 4 5 6 7
4
1 2 3 4
8
1 2 3 4 5 6 7 8
7
1 2 3 4 5 6 7
6
1 2 3 4 5 6
9
1 2 3 4 5 6 7 8 9
3
1 2 3
7
1 2 3 4 5 6 7
1
1
10
1 2 3 4 5 6 7 8 9 10
6
1 2 3 4 5 6
10
1 2 3 4 5 6 7 8 9 10
2
1 2
8
1 2 3 4 5 6 7 8
6
1 2 3 4 5 6
7
1 2 3 4 5 6 7
10
1 2 3 4 5 6 7 8 9 10
6
1 2 3 4 5 6
9
1 2 3 4 5 6 7 8 9
6
1 2 3 4 5 6
6
1 2 3 4 5 6
10
1 2 3 4 5 6 7 8 9 10
8
1 2 3 4 5 6 7 8
3
1 2 3
6
1 2 3 4 5 6
1
1
5
1 2 3 4 5
5
1 2 3 4 5
5
1 2 3 4 5
10
1 2 3 4 5 6 7 8 9 10
4
1 2 3 4
10
1 2 3 4 5 6 7 8 9 10
3
1 2 3
4
1 2 3 4
7
1 2 3 4 5 6 7
4
1 2 3 4
4
1 2 3 4
1
1
1
1
1
1
5
1 2 3 4 5
10
1 2 3 4 5 6 7 8 9 10
8
1 2 3 4 5 6 7 8
1
1
9
1 2 3 4 5 6 7 8 9
1
1
2
1 2
8
1 2 3 4 5 6 7 8
4
1 2 3 4
3
1 2 3
6
1 2 3 4 5 6
8
1 2 3 4 5 6 7 8
6
1 2 3 4 5 6
1
1
5
1 2 3 4 5
7
1 2 3 4 5 6 7
7
1 2 3 4 5 6 7
8
1 2 3 4 5 6 7 8
7
1 2 3 4 5 6 7
7
1 2 3 4 5 6 7
10
1 2 3 4 5 6 7 8 9 10
2
1 2
4
1 2 3 4
6
1 2 3 4 5 6
10
1 2 3 4 5 6 7 8 9 10
2
1 2
3
1 2 3
8
1 2 3 4 5 6 7 8
7
1 2 3 4 5 6 7
7
1 2 3 4 5 6 7
9
1 2 3 4 5 6 7 8 9
6
1 2 3 4 5 6
6
1 2 3 4 5 6
4
1 2 3 4
5
1 2 3 4 5
9
1 2 3 4 5 6 7 8 9
4
1 2 3 4
1
1
7
1 2 3 4 5 6 7
1
1
1
1
5
1 2 3 4 5
9
1 2 3 4 5 6 7 8 9
9
1 2 3 4 5 6 7 8 9
3
1 2 3
4
1 2 3 4
5
1 2 3 4 5
6
1 2 3 4 5 6
4
1 2 3 4
10
1 2 3 4 5 6 7 8 9 10
4
1 2 3 4
1
1
10
1 2 3 4 5 6 7 8 9 10
6
1 2 3 4 5 6
9
1 2 3 4 5 6 7 8 9
5
1 2 3 4 5
6
1 2 3 4 5 6
3
1 2 3
2
1 2
8
1 2 3 4 5 6 7 8
2
1 2
6
1 2 3 4 5 6
8
1 2 3 4 5 6 7 8
6
1 2 3 4 5 6
10
1 2 3 4 5 6 7 8 9 10
7
1 2 3 4 5 6 7
4
1 2 3 4
10
1 2 3 4 5 6 7 8 9 10
7
1 2 3 4 5 6 7
2
1 2
1
1
10
1 2 3 4 5 6 7 8 9 10
8
1 2 3 4 5 6 7 8
5
1 2 3 4 5
8
1 2 3 4 5 6 7 8
2
1 2
10
1 2 3 4 5 6 7 8 9 10
7
1 2 3 4 5 6 7
10
1 2 3 4 5 6 7 8 9 10
2
1 2
10
1 2 3 4 5 6 7 8 9 10
2
1 2
7
1 2 3 4 5 6 7
6
1 2 3 4 5 6
3
1 2 3
9
1 2 3 4 5 6 7 8 9
6
1 2 3 4 5 6
2
1 2
4
1 2 3 4
6
1 2 3 4 5 6
7
1 2 3 4 5 6 7
3
1 2 3
4
1 2 3 4
3
1 2 3
9
1 2 3 4 5 6 7 8 9
9
1 2 3 4 5 6 7 8 9
4
1 2 3 4
9
1 2 3 4 5 6 7 8 9
6
1 2 3 4 5 6
7
1 2 3 4 5 6 7
7
1 2 3 4 5 6 7
3
1 2 3
10
1 2 3 4 5 6 7 8 9 10
1
1
4
1 2 3 4
1
1
8
1 2 3 4 5 6 7 8
5
1 2 3 4 5
1
1
4
1 2 3 4
4
1 2 3 4
2
1 2
1
1
2
1 2
5
1 2 3 4 5
10
1 2 3 4 5 6 7 8 9 10
7
1 2 3 4 5 6 7
7
1 2 3 4 5 6 7
2
1 2
3
1 2 3
1
1
8
1 2 3 4 5 6 7 8
8
1 2 3 4 5 6 7 8
4
1 2 3 4
7
1 2 3 4 5 6 7
10
1 2 3 4 5 6 7 8 9 10
9
1 2 3 4 5 6 7 8 9
7
1 2 3 4 5 6 7
1
1
10
1 2 3 4 5 6 7 8 9 10
10
1 2 3 4 5 6 7 8 9 10
10
1 2 3 4 5 6 7 8 9 10
7
1 2 3 4 5 6 7
9
1 2 3 4 5 6 7 8 9
1
1
7
1 2 3 4 5 6 7
5
1 2 3 4 5
2
1 2
9
1 2 3 4 5 6 7 8 9
8
1 2 3 4 5 6 7 8
7
1 2 3 4 5 6 7
4
1 2 3 4
10
1 2 3 4 5 6 7 8 9 10
8
1 2 3 4 5 6 7 8
7
1 2 3 4 5 6 7
2
1 2
3
1 2 3
6
1 2 3 4 5 6
3
1 2 3
9
1 2 3 4 5 6 7 8 9
8
1 2 3 4 5 6 7 8
10
1 2 3 4 5 6 7 8 9 10
8
1 2 3 4 5 6 7 8
2
1 2
1
1
8
1 2 3 4 5 6 7 8
8
1 2 3 4 5 6 7 8
2
1 2
9
1 2 3 4 5 6 7 8 9
10
1 2 3 4 5 6 7 8 9 10
8
1 2 3 4 5 6 7 8
10
1 2 3 4 5 6 7 8 9 10
3
1 2 3
1
1
10
1 2 3 4 5 6 7 8 9 10
5
1 2 3 4 5
4
1 2 3 4
2
1 2
2
1 2
6
1 2 3 4 5 6
7
1 2 3 4 5 6 7
5
1 2 3 4 5
2
1 2
6
1 2 3 4 5 6
10
1 2 3 4 5 6 7 8 9 10
2
1 2
7
1 2 3 4 5 6 7
2
1 2
2
1 2
10
1 2 3 4 5 6 7 8 9 10
7
1 2 3 4 5 6 7
9
1 2 3 4 5 6 7 8 9
2
1 2
4
1 2 3 4
2
1 2
1
1
5
1 2 3 4 5
7
1 2 3 4 5 6 7
9
1 2 3 4 5 6 7 8 9
8
1 2 3 4 5 6 7 8
1
1
10
1 2 3 4 5 6 7 8 9 10
9
1 2 3 4 5 6 7 8 9
10
1 2 3 4 5 6 7 8 9 10
2
1 2
10
1 2 3 4 5 6 7 8 9 10
2
1 2
8
1 2 3 4 5 6 7 8
5
1 2 3 4 5
6
1 2 3 4 5 6
3
1 2 3
6
1 2 3 4 5 6
6
1 2 3 4 5 6
2
1 2
2
1 2
7
1 2 3 4 5 6 7
5
1 2 3 4 5
10
1 2 3 4 5 6 7 8 9 10
8
1 2 3 4 5 6 7 8
8
1 2 3 4 5 6 7 8
6
1 2 3 4 5 6
9
1 2 3 4 5 6 7 8 9
7
1 2 3 4 5 6 7
1
1
7
1 2 3 4 5 6 7
10
1 2 3 4 5 6 7 8 9 10
2
1 2
9
1 2 3 4 5 6 7 8 9
3
1 2 3
9
1 2 3 4 5 6 7 8 9
9
1 2 3 4 5 6 7 8 9
9
1 2 3 4 5 6 7 8 9
5
1 2 3 4 5
8
1 2 3 4 5 6 7 8
4
1 2 3 4
4
1 2 3 4
10
1 2 3 4 5 6 7 8 9 10
2
1 2
8
1 2 3 4 5 6 7 8
4
1 2 3 4
5
1 2 3 4 5
10
1 2 3 4 5 6 7 8 9 10
6
1 2 3 4 5 6
3
1 2 3
3
1 2 3
1
1
4
1 2 3 4
7
1 2 3 4 5 6 7
9
1 2 3 4 5 6 7 8 9
7
1 2 3 4 5 6 7
1
1
5
1 2 3 4 5
3
1 2 3
2
1 2
8
1 2 3 4 5 6 7 8
3
1 2 3
10
1 2 3 4 5 6 7 8 9 10
3
1 2 3
8
1 2 3 4 5 6 7 8
3
1 2 3
3
1 2 3
5
1 2 3 4 5
3
1 2 3
3
1 2 3
4
1 2 3 4
7
1 2 3 4 5 6 7
5
1 2 3 4 5
3
1 2 3
4
1 2 3 4
3
1 2 3
6
1 2 3 4 5 6
7
1 2 3 4 5 6 7
7
1 2 3 4 5 6 7
8
1 2 3 4 5 6 7 8
5
1 2 3 4 5
1
1
1
1
2
1 2
3
1 2 3
3
1 2 3
2
1 2
8
1 2 3 4 5 6 7 8
1
1
10
1 2 3 4 5 6 7 8 9 10
6
1 2 3 4 5 6
7
1 2 3 4 5 6 7
10
1 2 3 4 5 6 7 8 9 10
9
1 2 3 4 5 6 7 8 9
8
1 2 3 4 5 6 7 8
10
1 2 3 4 5 6 7 8 9 10
10
1 2 3 4 5 6 7 8 9 10
2
1 2
6
1 2 3 4 5 6
3
1 2 3
3
1 2 3
3
1 2 3
8
1 2 3 4 5 6 7 8
5
1 2 3 4 5
4
1 2 3 4
4
1 2 3 4
7
1 2 3 4 5 6 7
6
1 2 3 4 5 6
9
1 2 3 4 5 6 7 8 9
2
1 2
9
1 2 3 4 5 6 7 8 9
4
1 2 3 4
6
1 2 3 4 5 6
10
1 2 3 4 5 6 7 8 9 10
6
1 2 3 4 5 6
1
1
5
1 2 3 4 5
4
1 2 3 4
2
1 2
10
1 2 3 4 5 6 7 8 9 10
1
1
5
1 2 3 4 5
2
1 2
9
1 2 3 4 5 6 7 8 9
2
1 2
10
1 2 3 4 5 6 7 8 9 10
6
1 2 3 4 5 6
7
1 2 3 4 5 6 7
6
1 2 3 4 5 6
9
1 2 3 4 5 6 7 8 9
10
1 2 3 4 5 6 7 8 9 10
2
1 2
1
1
2
1 2
5
1 2 3 4 5
3
1 2 3
6
1 2 3 4 5 6
5
1 2 3 4 5
10
1 2 3 4 5 6 7 8 9 10
1
1
9
1 2 3 4 5 6 7 8 9
3
1 2 3
9
1 2 3 4 5 6 7 8 9
9
1 2 3 4 5 6 7 8 9
8
1 2 3 4 5 6 7 8
8
1 2 3 4 5 6 7 8
8
1 2 3 4 5 6 7 8
3
1 2 3
3
1 2 3
9
1 2 3 4 5 6 7 8 9
2
1 2
1
1
3
1 2 3
8
1 2 3 4 5 6 7 8
7
1 2 3 4 5 6 7
3
1 2 3
9
1 2 3 4 5 6 7 8 9
9
1 2 3 4 5 6 7 8 9
10
1 2 3 4 5 6 7 8 9 10
8
1 2 3 4 5 6 7 8
9
1 2 3 4 5 6 7 8 9
6
1 2 3 4 5 6
7
1 2 3 4 5 6 7
8
1 2 3 4 5 6 7 8
7
1 2 3 4 5 6 7
2
1 2
5
1 2 3 4 5
1
1
5
1 2 3 4 5
8
1 2 3 4 5 6 7 8
5
1 2 3 4 5
5
1 2 3 4 5
4
1 2 3 4
10
1 2 3 4 5 6 7 8 9 10
6
1 2 3 4 5 6
2
1 2
7
1 2 3 4 5 6 7
4
1 2 3 4
1
1
6
1 2 3 4 5 6
3
1 2 3
10
1 2 3 4 5 6 7 8 9 10
2
1 2
4
1 2 3 4
8
1 2 3 4 5 6 7 8
8
1 2 3 4 5 6 7 8
6
1 2 3 4 5 6
1
1
5
1 2 3 4 5
5
1 2 3 4 5
6
1 2 3 4 5 6
7
1 2 3 4 5 6 7
6
1 2 3 4 5 6
6
1 2 3 4 5 6
7
1 2 3 4 5 6 7
1
1
6
1 2 3 4 5 6
5
1 2 3 4 5
8
1 2 3 4 5 6 7 8
5
1 2 3 4 5
9
1 2 3 4 5 6 7 8 9
9
1 2 3 4 5 6 7 8 9
3
1 2 3
6
1 2 3 4 5 6
8
1 2 3 4 5 6 7 8
9
1 2 3 4 5 6 7 8 9
5
1 2 3 4 5
5
1 2 3 4 5
9
1 2 3 4 5 6 7 8 9
5
1 2 3 4 5
8
1 2 3 4 5 6 7 8
7
1 2 3 4 5 6 7
1
1
4
1 2 3 4
6
1 2 3 4 5 6
6
1 2 3 4 5 6
8
1 2 3 4 5 6 7 8
6
1 2 3 4 5 6
4
1 2 3 4
5
1 2 3 4 5
5
1 2 3 4 5
1
1
3
1 2 3
6
1 2 3 4 5 6
3
1 2 3
10
1 2 3 4 5 6 7 8 9 10
7
1 2 3 4 5 6 7
8
1 2 3 4 5 6 7 8
1
1
7
1 2 3 4 5 6 7
6
1 2 3 4 5 6
6
1 2 3 4 5 6
2
1 2
1
1
9
1 2 3 4 5 6 7 8 9
8
1 2 3 4 5 6 7 8
5
1 2 3 4 5
10
1 2 3 4 5 6 7 8 9 10
5
1 2 3 4 5
4
1 2 3 4
5
1 2 3 4 5
3
1 2 3
6
1 2 3 4 5 6
4
1 2 3 4
1
1
3
1 2 3
9
1 2 3 4 5 6 7 8 9
7
1 2 3 4 5 6 7
1
1
4
1 2 3 4
10
1 2 3 4 5 6 7 8 9 10
9
1 2 3 4 5 6 7 8 9
7
1 2 3 4 5 6 7
3
1 2 3
1
1
2
1 2
3
1 2 3
5
1 2 3 4 5
7
1 2 3 4 5 6 7
7
1 2 3 4 5 6 7
8
1 2 3 4 5 6 7 8
3
1 2 3
8
1 2 3 4 5 6 7 8
2
1 2
3
1 2 3
6
1 2 3 4 5 6
3
1 2 3
2
1 2
8
1 2 3 4 5 6 7 8
5
1 2 3 4 5
3
1 2 3
1
1
5
1 2 3 4 5
1
1
2
1 2
1
1
1
1
4
1 2 3 4
8
1 2 3 4 5 6 7 8
4
1 2 3 4
4
1 2 3 4
2
1 2
3
1 2 3
3
1 2 3
2
1 2
9
1 2 3 4 5 6 7 8 9
8
1 2 3 4 5 6 7 8
4
1 2 3 4
2
1 2
2
1 2
6
1 2 3 4 5 6
5
1 2 3 4 5
3
1 2 3
10
1 2 3 4 5 6 7 8 9 10
5
1 2 3 4 5
8
1 2 3 4 5 6 7 8
6
1 2 3 4 5 6
9
1 2 3 4 5 6 7 8 9
8
1 2 3 4 5 6 7 8
5
1 2 3 4 5
7
1 2 3 4 5 6 7
5
1 2 3 4 5
5
1 2 3 4 5
2
1 2
10
1 2 3 4 5 6 7 8 9 10
4
1 2 3 4
9
1 2 3 4 5 6 7 8 9
7
1 2 3 4 5 6 7
2
1 2
6
1 2 3 4 5 6
10
1 2 3 4 5 6 7 8 9 10
10
1 2 3 4 5 6 7 8 9 10
10
1 2 3 4 5 6 7 8 9 10
8
1 2 3 4 5 6 7 8
3
1 2 3
6
1 2 3 4 5 6
8
1 2 3 4 5 6 7 8
9
1 2 3 4 5 6 7 8 9
4
1 2 3 4
7
1 2 3 4 5 6 7
8
1 2 3 4 5 6 7 8
6
1 2 3 4 5 6
8
1 2 3 4 5 6 7 8
4
1 2 3 4
2
1 2
3
1 2 3
10
1 2 3 4 5 6 7 8 9 10
6
1 2 3 4 5 6
10
1 2 3 4 5 6 7 8 9 10
6
1 2 3 4 5 6
9
1 2 3 4 5 6 7 8 9
4
1 2 3 4
3
1 2 3
3
1 2 3
8
1 2 3 4 5 6 7 8
10
1 2 3 4 5 6 7 8 9 10
7
1 2 3 4 5 6 7
10
1 2 3 4 5 6 7 8 9 10
4
1 2 3 4
8
1 2 3 4 5 6 7 8
3
1 2 3
2
1 2
2
1 2
9
1 2 3 4 5 6 7 8 9
2
1 2
1
1
4
1 2 3 4
2
1 2
6
1 2 3 4 5 6
4
1 2 3 4
5
1 2 3 4 5
3
1 2 3
6
1 2 3 4 5 6
5
1 2 3 4 5
3
1 2 3
4
1 2 3 4
5
1 2 3 4 5
8
1 2 3 4 5 6 7 8
7
1 2 3 4 5 6 7
4
1 2 3 4
3
1 2 3
9
1 2 3 4 5 6 7 8 9
1
1
4
1 2 3 4
1
1
8
1 2 3 4 5 6 7 8
3
1 2 3
6
1 2 3 4 5 6
4
1 2 3 4
6
1 2 3 4 5 6
7
1 2 3 4 5 6 7
2
1 2
6
1 2 3 4 5 6
6
1 2 3 4 5 6
9
1 2 3 4 5 6 7 8 9
5
1 2 3 4 5
10
1 2 3 4 5 6 7 8 9 10
4
1 2 3 4
6
1 2 3 4 5 6
3
1 2 3
4
1 2 3 4
7
1 2 3 4 5 6 7
9
1 2 3 4 5 6 7 8 9
2
1 2
4
1 2 3 4
9
1 2 3 4 5 6 7 8 9
2
1 2
9
1 2 3 4 5 6 7 8 9
6
1 2 3 4 5 6
6
1 2 3 4 5 6
7
1 2 3 4 5 6 7
5
1 2 3 4 5
2
1 2
5
1 2 3 4 5
927 902 3092
56 775 4304
116 513 7494
124 511 7340
479 474 8673
158 927 5994
276 959 5961
679 776 1019
353 930 9118
513 45 7618
786 389 6892
473 467 6458
109 986 8991
720 503 1407
738 311 7529
260 407 9793
959 674 5387
526 451 6701
855 411 5286
35 123 6998
714 20 3676
576 832 6455
562 303 5145
406 111 7549
507 486 7545
218 424 3398
772 588 6081
534 551 6379
736 472 3812
867 871 4859
853 653 2538
1000 847 3979
285 518 2513
87 339 8931
608 117 2979
554 209 6195
663 587 1237
870 832 9902
935 795 2744
551 554 8381
165 540 9159
762 594 4869
822 219 5778
783 147 5340
555 333 8447
847 315 628
228 954 6701
269 186 4751
553 956 2475
386 163 4367
888 236 7634
851 791 362
600 363 4216
53 660 1502
898 956 1313
816 541 1956
195 21 4511
859 615 7152
896 80 5334
537 495 4019
645 118 587
280 309 4246
462 104 5234
651 998 4931
746 661 614
416 873 6641
453 572 2603
437 274 7495
437 973 908
225 565 8427
940 399 3104
736 824 3699
800 207 9936
914 315 5459
626 36 1037
371 844 507
7 351 43
375 475 5267
270 93 5199
626 439 3813
921 666 581
668 176 6830
913 280 8052
289 50 4032
860 399 7412
386 729 6214
762 838 2271
655 876 9509
451 143 1047
664 679 9630
38 806 7282
117 290 737
414 613 8310
424 58 578
102 899 2606
793 103 9192
62 735 997
393 996 955
821 900 8234
953 950 5907
295 179 6599
776 120 6438
355 237 7420
67 279 5967
602 310 2833
773 95 9745
951 511 4824
123 758 5946
985 515 4077
112 101 8303
274 857 2172
991 297 9409
884 373 7251
649 21 9135
563 770 4756
430 507 2288
18 60 2547
704 349 8545
559 26 8614
691 146 2786
679 973 6745
160 405 8704
513 377 4097
678 550 9678
2 181 4598
292 516 6695
777 626 9259
479 666 4821
487 50 5288
31 802 6748
895 916 4912
683 324 9386
233 961 2677
371 383 4153
51 715 6773
485 674 2181
421 138 8894
223 423 4110
877 241 1056
327 830 6996
187 498 5264
727 882 4650
721 768 3951
557 613 3460
870 798 7201
49 504 9580
211 830 8575
233 666 641
33 588 2258
786 719 9395
311 258 9811
521 93 1748
968 496 8460
885 90 5132
274 281 8679
997 843 3243
483 128 133
484 274 798
439 111 8874
404 51 2067
81 218 6142
530 490 8476
432 273 4453
769 630 9895
591 771 983
378 837 2437
217 449 7253
19 695 215
963 569 2212
717 634 9071
167 210 4820
778 220 7414
98 311 6581
447 407 4780
965 576 8825
382 594 628
537 841 6507
757 25 516
389 298 9450
50 773 8289
197 359 8525
878 493 6086
73 567 5652
518 249 1239
388 982 4858
797 995 2459
227 871 3905
327 739 3193
537 619 6623
539 53 9043
392 811 4934
484 974 6378
601 364 6555
877 657 831
470 41 4325
573 238 3390
997 893 1854
871 457 8041
799 380 8819
712 440 4488
803 396 8688
309 992 1667
438 369 6198
424 544 8545
206 973 4850
656 21 1542
514 546 37
643 346 7662
694 538 4383
842 435 7252
665 154 2457
928 425 3768
307 11 6675
73 711 442
129 85 8851
340 193 161
654 408 8932
103 39 5359
754 38 6115
370 713 4173
831 483 9298
944 883 5656
382 793 7292
106 223 4645
288 896 4888
862 686 9674
556 493 505
385 848 9264
212 701 8667
583 862 39
624 94 1964
610 984 9988
723 314 4980
833 191 6055
836 711 5450
736 632 7868
164 399 8029
937 566 7849
583 561 6636
909 411 3709
375 703 9062
42 101 8531
482 169 7912
505 120 5891
252 342 5241
570 2 3271
93 972 6634
369 323 5779
223 55 6695
581 642 9846
326 137 5997
467 955 1143
488 510 9686
345 672 8627
697 238 1418
426 60 7266
581 873 4438
985 299 598
840 45 7361
516 50 2282
522 850 2312
541 86 3363
744 94 6158
821 267 1106
148 589 5086
7 405 3141
541 562 8890
764 496 4882
38 67 9160
403 553 4769
696 842 7431
76 527 2476
937 251 3175
911 610 2004
998 170 9624
103 261 2529
409 22 4791
233 909 4742
581 628 2329
769 362 8795
627 513 617
578 666 8207
241 283 6318
981 122 1668
247 671 6959
969 405 6256
933 684 3764
708 375 6055
241 148 8421
668 962 4371
378 589 5918
55 676 8775
131 194 7319
778 871 3821
709 529 9023
169 292 7563
80 308 4601
390 273 7807
46 162 7397
846 446 2932
667 210 9831
544 466 3864
85 840 7448
571 101 1338
242 222 4811
540 852 6730
299 301 2816
585 699 9462
947 499 8961
705 949 9971
861 606 2672
275 273 8959
534 783 1689
261 851 1221
959 347 8367
69 379 4432
380 589 5897
555 883 6714
576 833 4163
351 102 4753
722 637 8507
678 981 4115
642 746 8795
731 785 6187
334 85 5704
154 967 1972
331 603 197
508 659 7211
552 121 9458
459 798 1354
120 923 2718
122 60 3312
530 103 9056
736 687 1446
205 868 7859
776 863 9563
15 329 9242
328 539 7383
310 927 3662
386 117 2640
26 946 8696
129 132 9363
348 264 5154
258 503 5544
943 73 854
306 459 2183
87 775 9049
556 705 1496
714 729 5465
966 702 5967
697 928 7598
40 552 4195
220 609 7254
539 69 4843
289 56 7805
113 796 5998
204 890 7420
461 911 2635
157 843 5597
104 105 2481
580 437 4046
771 729 6652
987 644 6835
38 667 5551
220 346 6119
41 998 3082
375 37 573
712 34 6352
55 221 5281
910 451 562
841 984 7167
289 395 6562
308 974 7017
671 900 4864
770 778 8516
879 156 234
387 592 4183
42 283 2502
210 831 8019
697 29 7719
609 310 6430
759 150 665
196 944 2129
840 126 8444
89 256 3676
902 122 3495
5 514 4337
857 336 9709
161 780 6475
6 265 5486
957 480 9360
137 970 1154
374 233 4844
328 123 383
842 950 3520
294 867 1418
760 531 8913
83 521 4251
970 972 4836
318 848 7756
523 430 3246
935 181 5475
334 414 2374
601 486 1206
340 555 7200
514 906 58
363 480 830
183 704 86
699 939 4332
547 184 4719
876 239 7733
695 16 1232
19 784 3596
556 314 3903
261 903 6172
134 309 846
818 335 1630
982 169 8254
273 26 4339
57 277 9275
425 999 1994
136 217 1279
249 798 4031
966 267 7926
828 917 3584
649 29 8186
316 15 1845
228 684 1576
66 185 7844
911 61 580
950 981 7040
831 137 4539
829 284 4560
228 72 9486
230 348 1545
290 690 302
560 751 3513
542 996 4337
431 209 1059
345 746 31
753 754 3750
203 350 5821
72 808 4761
362 731 4126
999 651 3997
26 691 2627
675 492 4553
822 792 9262
755 209 8395
224 978 4517
298 34 3707
292 523 5300
353 437 4608
977 200 2018
478 986 2222
948 308 3373
212 495 3679
285 463 6722
448 130 3504
715 519 4001
320 367 2023
371 253 9266
172 839 6681
688 936 2701
489 784 6894
672 690 1296
582 2 8188
439 978 7689
794 18 9441
361 303 2981
272 264 6568
807 914 350
993 271 8726
97 485 8089
483 467 315
962 89 7416
817 439 308
816 884 2825
234 515 6697
733 635 3992
388 870 7993
752 887 7586
737 883 6664
366 495 2583
485 277 8774
639 355 1029
730 601 6236
433 50 7400
872 191 7799
329 740 8065
790 875 6177
445 369 4889
581 475 1710
517 114 921
115 261 1683
319 504 9450
91 329 5677
684 917 2930
766 18 3256
11 136 1475
510 508 3109
899 274 2736
578 345 8856
959 313 1646
713 76 2407
841 602 1717
208 798 4898
854 688 8528
836 475 6346
202 385 9477
833 587 2809
924 19 2691
341 399 1585
478 950 7304
376 920 9489
964 899 8225
348 556 5955
756 944 6314
762 565 5035
773 121 919
768 34 7060
594 195 2411
685 24 2398
360 170 5851
415 625 5819
515 18 692
464 780 8322
512 252 8645
231 457 4796
63 421 8499
905 951 2731
393 842 8087
785 472 5220
485 623 9773
772 962 5962
847 353 2116
913 528 4075
390 292 8338
140 238 9209
126 451 6024
114 871 6747
761 621 2127
869 272 6904
924 400 7921
235 76 9800
497 954 6581
79 690 1204
868 216 1371
300 778 6341
101 60 575
230 829 580
168 428 1417
540 874 6113
670 509 3420
656 385 7330
531 953 8715
519 939 2148
633 579 9668
579 110 7598
466 503 8995
265 685 3689
51 521 6642
805 689 4306
239 542 1059
166 287 3315
522 441 9796
651 451 4257
265 574 6131
66 744 198
816 37 9856
529 426 1753
430 900 8289
586 230 3744
416 557 7012
551 903 6237
588 659 6182
827 589 3815
199 961 4518
876 386 8577
948 571 5759
932 128 1861
145 306 2618
776 87 4954
144 118 3821
788 169 9809
75 526 4686
828 448 4600
280 448 3168
992 426 3089
583 573 7246
845 281 8239
625 845 4122
347 681 4856
557 363 6414
185 51 5066
492 935 4253
4 45 6739
902 185 8690
845 885 9192
534 355 1069
442 725 4743
337 746 2001
639 496 5464
551 115 294
383 182 8844
901 693 2195
851 103 7277
401 544 2700
884 306 4443
439 220 2115
941 122 1121
356 973 6171
558 611 6720
747 890 3062
256 21 8255
445 955 1921
945 261 6405
909 162 5917
988 381 193
383 944 1937
388 205 8462
447 536 8533
454 87 5018
54 874 479
737 609 9166
183 50 7246
357 192 9967
320 111 678
52 993 863
93 801 2439
924 45 4858
266 736 3375
363 722 8538
951 772 6860
965 654 5112
491 746 2191
319 975 6348
433 226 59
434 240 2560
933 154 2248
699 190 5339
419 829 2525
739 71 7098
406 961 1486
716 670 5427
638 929 4104
94 899 6397
221 265 2584
498 945 6924
335 257 6496
409 557 1073
912 853 3315
967 682 3736
660 178 1728
681 83 1489
402 171 1312
4 574 9914
705 770 2845
134 169 8686
324 449 5668
353 518 3327
444 699 3632
654 994 485
676 161 9915
587 435 3928
111 524 3448
64 281 8806
946 709 8386
492 383 2619
950 494 8929
266 860 8300
115 231 2372
976 323 647
978 91 9731
546 970 6544
29 918 1289
664 376 6186
125 973 2890
365 297 6009
19 778 1668
455 422 6913
226 913 6807
889 957 9370
926 346 7084
345 338 7127
574 893 4299
295 313 7124
228 441 2740
607 513 2455
204 591 9743
963 96 4062
417 942 2975
569 281 4129
127 81 2843
718 257 6062
758 93 8448
317 494 6371
431 559 2390
827 812 9731
976 372 8948
832 233 700
876 708 3876
605 345 4686
370 373 5661
742 336 8466
899 35 3495
748 321 446
419 215 3135
389 793 1675
83 162 5282
302 207 41
124 526 262
915 778 1671
681 70 9082
956 531 8343
339 531 522
619 325 7697
291 660 9282
219 262 5260
627 389 2468
723 761 6387
153 782 4508
176 46 4732
866 243 1200
954 900 6037
55 858 3667
443 799 306
743 797 9656
652 54 1153
999 457 2595
32 1 3016
89 208 9505
416 597 1478
883 797 5085
314 93 4568
168 928 7028
766 602 51
907 858 2238
602 971 724
236 701 5816
353 790 6940
246 57 35
285 755 2076
533 572 7216
168 649 526
577 69 3295
942 794 3004
962 611 1161
305 77 3187
456 570 2135
129 725 5997
738 509 7302
393 949 3003
286 674 296
397 251 2713
827 49 5495
835 17 3301
433 175 9052
878 145 8922
352 584 1592
929 498 728
826 64 885
706 177 1081
129 432 2222
289 566 4136
866 116 7792
650 399 7750
355 671 3004
159 926 9077
92 716 7994
221 400 83
332 142 8795
777 768 6322
617 654 2164
943 290 4411
467 16 9707
748 391 6831
767 421 9751
878 152 9993
259 978 2364
756 572 5371
760 898 8272
201 693 6834
526 564 3406
633 759 4884
607 6 3741
150 571 2045
615 571 9881
659 920 3387
507 135 2935
950 466 4664
127 824 7498
545 546 656
655 118 8384
824 840 9539
436 312 6476
535 28 1732
169 342 8663
922 956 1133
360 189 828
677 800 7042
474 173 8142
57 566 7720
384 588 4785
248 23 5124
285 473 3038
407 273 2023
943 254 9349
472 164 6434
722 479 7062
387 999 7978
649 328 2454
873 684 9498
177 271 9483
344 414 6781
110 16 8599
350 515 7106
794 253 6784
194 586 6962
568 429 1395
733 931 6712
990 900 8931
338 535 5498
817 328 8836
925 999 8600
250 628 1194
237 953 2982
739 651 8377
78 716 6271
263 842 2527
453 450 3948
629 92 1837
701 262 4149
119 298 7028
490 396 3032
689 794 1049
321 843 4985
477 307 2507
832 377 296
785 408 4019
53 362 9583
701 516 6258
577 542 7854
693 335 7470
996 611 8087
918 474 884
379 201 4998
770 664 9982
271 14 274
475 60 8630
479 358 4767
195 173 3908
748 378 725
707 778 3466
596 265 6025
154 209 9393
27 581 6247
11 308 5614
513 65 2774
244 995 6450
561 893 1907
540 608 4601
182 553 2308
80 121 6392
743 328 3737
599 711 3675
138 873 6612
690 810 9511
250 431 2479
838 100 5341
180 631 2732
145 134 2692
718 574 5911
777 329 3432
335 234 8848
1000 542 1690
584 175 270
397 40 5998
92 461 7249
130 174 4562
829 37 1877
228 359 8346
108 768 8425
117 553 2446
264 61 8206
604 455 5916
516 320 9757
69 169 4829
408 936 1791
742 902 8179
601 344 5455
892 873 3707
17 609 5845
718 513 950
792 301 4512
224 778 5143
423 298 5818
393 166 6350
35 239 7000
788 951 3838
735 935 8650
394 143 6770
966 791 1020
145 409 4464
733 568 7275
554 50 5828
484 10 2824
582 370 9680
931 739 9174
436 949 3028
292 996 998
276 798 5171
813 763 2255
119 270 3979
301 423 5811
781 466 3198
468 518 4432
972 950 5772
520 921 6653
263 314 5303
949 482 7104
61 173 4616
691 10 6569
983 557 8627
594 966 542
683 670 368
78 382 9336
229 242 9192
893 768 6539
880 661 3537
591 201 7666
939 953 5323
427 780 1292
100 958 8178
342 34 2779
73 65 6574
411 871 2065
429 124 352
845 255 8224
293 130 2233
95 959 4329
465 869 1826
232 130 4653
603 974 3860
567 278 7952
736 696 92
795 497 4019
856 193 7115
323 807 6493
791 101 3190
526 580 2814
68 420 9582
213 130 8492
143 60 1227
399 491 8889
189 121 3056
501 588 3044
263 296 1084
410 748 1180
730 399 1334
588 148 9220
181 794 4233
347 526 7851
853 323 8396
557 341 2155
821 859 9679
328 417 6960
735 229 7234
703 972 5630
839 241 8808
986 80 3197
876 727 6960
850 365 3158
333 424 4492
912 274 5727
681 558 1771
258 188 9525
210 238 6927
375 791 4148
360 84 3512
492 900 3712
357 547 9858
623 601 3476
859 638 2739
285 940 2756
631 930 4793
281 474 724
62 828 3826
598 722 5438
196 953 6222
13 221 8116
984 791 5260
159 788 8639
719 122 1180
940 885 7639
787 132 1163
660 766 1888
720 791 6278
629 318 7303
632 376 7271
912 723 93
936 611 8627
943 821 4998
801 110 1899
418 672 6877
316 621 2654
725 647 6389
600 703 6550
622 113 7024
606 800 5586
292 741 6790
522 198 1320
760 837 7229
482 682 905
726 578 937
324 217 8876
830 614 6365
672 640 5694
731 117 9526
3 132 7370
751 565 9717
836 195 3668
433 13 4479
93 123 6937
837 679 1357
783 842 101
698 994 8130
328 841 4734
541 238 64
873 814 4106
797 132 8667
957 374 4709
790 607 6231
944 936 1969
837 398 4596
548 247 1542
255 792 2132
572 749 9417
220 145 5315
667 781 4487
319 173 9252
965 725 2403
287 505 5765
750 643 3072
37 936 5046
21 307 7450
22 419 2460
448 143 8739
268 768 6464
147 824 3463
441 928 5420
975 935 4027
63 57 6090
785 145 9909
552 164 2317
128 342 2548
134 284 3993
214 944 1135
472 494 8507
181 991 1989
771 678 9682
294 667 1782
725 205 4405
507 129 8520
18 857 3060
934 843 9429
520 544 3567
795 972 2571
985 571 2747
269 285 6916
550 972 4173
20 132 9018
920 469 3962
576 375 8201
264 508 2883
589 26 1865
225 520 3573
670 702 9868
907 19 5172
217 835 3405
332 975 6001
205 87 235
958 160 2134
669 51 2101
1000 502 2293
710 991 844
343 855 7670
316 45 2762
460 318 1081
539 917 3446
869 316 5248
739 375 4199
446 758 5138
927 566 6098
293 97 8335
956 679 3957
133 61 6306
82 394 5739
991 495 8187
500 394 4159
545 585 9551
503 513 7350
186 210 5441
574 923 3739
578 541 6884
64 762 6676
361 424 7570
952 548 2227
796 540 9761
998 191 8151
307 386 8808
938 151 3644
441 661 1048
653 278 9830
763 71 1548
105 657 1155
666 281 5760
103 385 7096
733 778 2934
808 42 3062
671 767 302
520 425 2177
563 926 4564
980 232 545
729 117 818
586 99 6269
222 26 6050
463 729 8017
319 206 9927
421 859 8179
904 145 1915
996 290 2725
262 337 3368
249 420 3818
410 51 8225
625 83 8852
37 368 174
611 223 2697
612 274 9756
409 249 4785
72 925 2230
715 757 2349
508 982 9216
404 964 564
532 162 8911
76 972 616
611 28 6411
303 265 8832
965 246 4223
640 259 3940
560 458 6874
242 960 7322
703 861 3286
890 481 5490
799 115 3139
108 358 5158
254 285 3277
39 69 7491
722 457 8379
189 525 3451
916 345 2995
461 360 5501
539 341 465
637 949 9538
14 986 377
44 403 2316
203 654 1016
370 181 5440
691 770 8324
234 233 864
97 223 5640
359 684 4227
508 348 7264
805 466 2887
326 649 9903
909 651 8286
66 899 162
568 252 580
964 238 7207
107 189 9517
849 908 2821
123 567 5164
127 456 2340
878 272 7061
453 228 3847
929 678 2661
416 863 690
901 546 9953
966 299 7239
860 732 8779
21 958 4615
775 303 7929
193 90 7429
648 178 4913
465 525 9863
375 589 2743
469 366 2275
914 173 98
806 103 159
499 346 1865
235 993 9941
536 769 4235
444 19 8283
464 748 8316
597 526 1065
197 880 3274
188 597 3258
923 746 8666
903 949 1366
346 627 8742
700 435 6488
118 151 8820
155 437 4507
700 757 5231
977 438 5308
613 981 9191
548 395 4373
950 483 5208
313 401 2394
206 350 2275
336 457 7390
617 104 44
428 505 9651
614 704 2001
346 158 1200
110 376 2092
202 513 7141
209 238 2267
70 754 6799
460 915 5752
600 206 2090
711 560 989
54 60 8829
916 207 6507
420 481 3750
648 18 8802
635 890 6783
279 869 5935
927 498 4157
840 428 8981
809 585 7436
150 329 2178
616 999 6353
825 917 3704
73 999 1722
376 326 5554
462 545 8460
96 34 692
491 151 5386
236 799 8223
457 11 2217
628 41 5607
139 812 9602
144 390 2033
43 290 1419
635 883 2713
379 839 2543
92 635 3608
348 90 793
940 195 3833
583 640 967
25 589 5216
8 696 9000
910 697 6075
827 357 8321
473 839 3990
661 457 4808
536 675 8274
349 407 4794
45 329 4553
121 675 33
146 544 9933
720 10 9094
298 871 5677
692 96 9519
30 523 4439
715 340 3825
276 293 8899
643 723 8829
257 432 3986
756 116 7355
996 112 2562
677 667 7820
240 530 4389
524 289 7666
797 744 1533
802 530 7340
622 121 3219
993 165 1983
188 84 8867
965 892 5157
503 685 2112
315 715 3643
347 88 8769
173 281 7999
86 293 4820
146 317 1264
784 880 9277
424 935 1074
440 598 8657
647 331 2604
481 160 2554
889 598 262
854 373 8649
37 112 8063
664 892 1745
884 866 3672
422 481 6330
456 497 2224
927 24 2780
844 727 1220
390 324 4661
246 217 5935
342 827 6423
589 143 664
740 346 2998
358 347 1097
243 421 4663
538 52 5337
81 755 8428
961 631 6289
875 9 8509
65 8 1503
24 34 4489
924 653 5323
377 270 7210
28 729 8985
30 176 540
990 789 2537
113 9 9157
920 721 9542
906 428 502
654 684 3305
577 573 3376
538 582 4353
304 454 9342
416 378 5278
898 277 9398
666 963 2893
117 808 2909
798 24 3705
389 89 8493
172 607 3235
528 437 4084
675 787 6076
487 508 3591
832 987 7364
506 951 1857
782 900 9554
227 733 6929
38 286 9982
470 512 6846
231 164 4278
630 983 2601
386 393 2984
45 825 3049
967 83 5451
751 584 1375
427 844 8563
484 267 5988
982 195 2275
711 78 640
861 40 8363
223 750 732
821 495 1034
211 380 7275
852 867 711
285 72 7968
587 287 9028
641 208 1671
146 654 7759
973 945 3138
189 215 3566
941 434 396
430 148 1343
329 953 1256
741 437 5254
312 73 5375
921 331 7133
150 23 9254
287 154 5871
200 201 2047
402 403 9776
838 334 4041
569 810 3754
151 125 6839
531 665 923
203 15 2324
350 263 3267
333 373 6598
192 828 914
581 543 5440
933 241 6808
254 713 1613
795 653 1397
244 189 4198
524 356 6673
546 300 2225
955 791 859
673 474 346
893 649 9212
215 40 3893
330 120 7600
646 930 4744
835 732 2495
908 791 9671
222 654 9815
357 173 9511
601 332 8420
743 245 4572
625 953 1728
993 10 3625
834 273 5166
486 402 1643
162 60 7037
995 798 7448
335 156 3542
636 532 6445
784 757 6135
325 704 6685
545 342 4874
547 237 6717
568 667 5293
509 693 9875
147 174 2316
85 390 7727
325 994 907
704 90 9893
638 904 3359
865 979 678
832 329 4182
142 913 7933
121 551 8479
388 932 6802
282 540 9379
372 587 7403
176 636 2692
328 529 9820
820 387 8273
110 836 3653
155 723 1628
354 951 8302
874 257 2604
32 356 6421
289 774 7125
897 734 9461
238 651 6484
978 483 9505
282 161 8374
647 945 4124
905 210 5943
748 257 8557
395 979 7884
412 595 7529
868 303 9886
887 477 5735
157 416 5875
141 711 2553
610 866 28
60 481 9678
301 897 5183
12 628 6626
747 932 7745
567 831 9546
552 12 2825
863 229 364
611 148 4718
483 517 1525
522 882 4207
815 459 5161
836 409 1088
968 136 9111
167 610 34
741 4 6020
348 76 9873
468 258 9010
179 849 9275
74 181 8450
880 663 1705
2 170 9195
992 49 7334
170 238 1023
480 842 8508
464 532 8855
990 383 8665
86 383 7647
296 237 7920
786 496 7687
184 610 85
920 44 1248
10 950 8191
300 310 8812
126 872 444
396 143 4969
397 279 6360
68 339 8511
724 459 6741
640 42 6655
734 862 1142
663 56 8954
686 316 3885
194 243 349
675 45 841
432 473 775
639 62 9628
566 458 2120
362 739 8106
384 566 6308
811 810 6474
960 981 7052
941 878 5188
569 857 9645
974 160 8807
891 393 5953
48 301 7436
515 428 237
618 722 2278
264 313 2237
17 732 295
826 630 962
458 80 6873
714 128 981
537 905 2461
833 664 528
761 235 8905
768 696 1851
499 643 2263
957 792 844
771 775 5367
415 731 4038
609 871 1
99 465 4170
707 302 3282
449 34 8723
716 667 4612
682 869 7436
818 93 9134
413 898 380
422 293 1602
275 20 3437
811 627 7009
507 946 1137
826 962 3258
421 569 9699
670 194 8027
201 749 6774
450 171 9433
251 243 4570
74 664 3912
862 10 6546
921 47 417
280 278 9946
869 124 5143
816 888 182
28 550 5032
177 495 7151
753 403 3427
273 457 3643
679 314 5721
886 657 4219
50 710 7540
417 646 5306
789 524 842
136 196 8850
341 602 1849
785 124 3085
680 171 2371
149 936 3511
189 662 7738
377 20 7020
837 566 7832
595 201 3152
926 878 3693
800 25 6938
283 815 5260
565 279 4682
822 281 3145
312 174 2371
759 666 851
985 188 2577
731 509 4675
163 495 288
843 42 3666
543 538 2500
912 796 924
569 704 6325
290 419 7232
933 53 1977
664 567 7807
257 231 95
919 908 5285
497 877 7973
851 949 9733
502 899 1455
895 680 7069
881 711 7738
291 384 5144
39 760 8353
298 306 3375
618 213 1660
307 589 8298
390 142 8270
864 610 3031
322 655 3546
708 486 9216
178 815 9027
658 101 416
882 519 5266
848 54 7671
349 940 1833
262 45 1574
727 315 3945
623 305 6297
754 589 7749
371 198 5739
745 8 2990
657 993 5499
4 844 2126
717 925 4581
663 876 9202
405 588 3135
501 743 4310
268 98 6135
36 585 7421
644 709 6379
403 538 7726
338 218 1593
344 2 5854
277 122 856
58 880 7477
200 299 1914
40 170 3498
296 649 9378
703 246 7620
874 513 9573
895 606 348
99 677 1767
398 573 4529
449 571 5425
336 42 4823
523 677 2630
818 120 5501
288 242 9111
659 302 5428
18 935 3223
438 873 8612
989 791 7253
900 25 3785
812 171 9616
372 338 4279
446 50 1121
341 371 1663
804 10 3440
434 509 6799
130 337 9259
735 980 563
593 173 2465
208 205 8995
815 401 7462
156 18 2909
619 394 363
180 152 4250
453 454 548
364 346 9018
510 265 8601
9 848 1718
34 143 9017
698 685 3581
471 749 469
755 350 6766
594 522 6971
687 375 8625
336 790 9894
814 437 6837
963 167 5123
606 187 5121
493 919 5035
761 767 2822
525 143 6795
142 44 7862
185 929 8760
23 621 6472
764 184 6903
948 729 4890
792 366 7918
211 610 4705
323 124 3377
970 768 4145
755 554 9047
831 833 4741
903 308 4493
728 754 4791
840 855 4503
857 833 8661
731 818 8906
753 139 5135
281 513 1518
891 478 8785
670 510 1561
685 968 155
53 45 4686
191 108 5099
594 621 2574
739 364 9357
889 95 7333
251 275 9570
606 988 5189
387 794 8629
392 740 9695
555 162 7205
50 842 27
77 174 3290
207 373 8178
544 754 380
909 465 1542
754 223 675
385 459 3458
152 607 2068
788 63 9808
645 632 2646
322 644 3641
62 369 7169
943 775 9958
41 909 6338
356 741 1012
486 65 2644
175 917 687
566 848 5460
905 95 1926
300 253 8253
910 488 5341
74 5 6586
684 224 7304
462 25 6138
111 818 2205
916 552 2336
591 196 5225
903 950 58
647 968 4852
877 173 3363
533 187 6166
788 181 4021
702 706 753
296 821 7708
614 928 8347
582 87 6424
987 549 9489
744 483 469
743 669 5994
706 787 5967
531 583 8978
604 151 7501
577 348 3743
328 650 8096
535 871 6523
810 981 5229
631 181 8521
743 490 8973
321 455 6126
656 952 6370
453 104 799
127 1 3965
666 379 3428
300 26 5289
252 597 5588
788 188 7651
883 588 1337
917 101 8552
764 902 8962
88 446 1949
987 225 1743
685 335 643
779 835 3726
855 981 7644
511 222 4547
167 936 2507
774 80 2923
763 122 3372
928 21 4858
414 398 286
161 698 4565
999 16 7715
400 99 462
939 32 1449
595 706 5773
194 249 9414
801 71 3823
894 441 5040
823 312 9808
496 390 3948
135 481 1043
360 331 900
86 58 7164
413 266 6556
636 177 5130
199 249 1831
1 274 9008
111 619 1319
457 651 9775
887 140 8833
49 667 3025
284 25 7054
253 369 2276
241 329 494
245 610 7765
48 311 6269
69 249 2290
307 610 2994
843 462 6401
368 814 4454
575 181 8499
867 452 5954
542 70 455
590 548 7154
849 670 7390
485 149 9029
131 37 6288
4 962 7635
778 715 9761
858 791 7329
314 69 1666
949 621 8841
753 581 2945
655 703 9739
48 818 8519
694 772 4651
381 236 6753
331 696 8588
708 992 2791
732 433 1137
533 917 6341
495 798 2899
802 2 8492
297 649 5026
718 504 2361
321 680 3709
621 903 6203
421 130 3901
223 447 8622
971 553 8590
168 180 1259
44 978 8483
589 402 7236
452 193 4581
59 96 6404
650 260 4588
780 122 7132
216 26 9902
517 143 9038
701 728 6757
189 643 6509
135 715 8556
961 651 6035
930 989 5232
865 940 4900
93 776 8664
227 523 7604
640 48 1813
829 964 6148
994 462 7698
133 989 3684
261 40 3019
120 265 6595
196 796 4236
289 780 9555
351 401 8556
758 883 9411
587 50 1050
890 839 5334
338 899 7668
634 692 9054
912 702 7664
807 428 2310
22 146 12
225 393 5284
886 413 7491
854 202 1734
676 331 814
142 246 6594
182 89 2724
302 732 7094
984 207 5477
931 683 4252
365 424 4425
132 258 6709
942 791 1762
400 868 6311
476 426 5248
516 911 424
662 969 3792
579 840 7434
908 895 1684
505 462 2404
277 874 4704
311 685 7063
494 40 5463
500 343 393
873 865 5236
290 820 5138
10 193 4562
709 955 6874
765 249 4453
153 935 7042
3 716 5418
373 950 1674
455 616 2903
854 506 9456
819 4 5141
805 948 2463
419 540 1496
171 495 1411
835 475 4443
845 923 1150
292 19 6493
203 101 5018
190 893 845
84 480 2956
726 580 9938
897 636 1936
326 763 2625
629 391 4422
527 764 5245
267 235 670
435 602 912
57 665 7599
645 819 9028
155 842 1483
696 598 6135
568 267 2418
864 471 469
402 172 7299
186 747 6764
946 11 7454
549 675 7806
369 967 748
557 900 446
338 654 1192
197 20 7407
367 83 6961
799 700 1627
527 406 7395
380 990 3473
807 379 6873
289 445 5142
499 767 3878
158 372 6357
16 451 6040
120 284 8086
665 763 4540
370 880 7284
979 917 1179
674 699 3454
198 720 5993
803 974 2678
724 309 5664
47 917 4617
1000 745 9844
90 360 5403
207 723 879
140 770 6587
749 108 4584
592 169 7188
926 843 9046
324 515 8198
174 793 8488
278 405 7333
481 287 4883
391 800 3965
620 640 8189
832 358 8266
564 691 7899
522 235 6993
154 997 9267
1000 724 5598
849 785 6242
901 954 4542
495 199 424
504 362 8779
560 702 8598
33 786 8716
301 97 4687
806 442 8600
711 384 9225
667 45 6253
762 101 8362
855 929 7945
256 695 7176
102 941 2533
263 972 9024
281 921 9633
572 642 2378
868 569 2422
12 970 8140
413 655 1838
721 802 9933
94 79 7111
82 261 1634
618 940 2835
837 56 1451
71 880 8631
