100
999800000 1000000000
999800000 1000000000
999800000 1000000000
999800000 1000000000
999800000 1000000000
999800000 1000000000
999800000 1000000000
999800000 1000000000
999800000 1000000000
999800000 1000000000
999800000 1000000000
999800000 1000000000
999800000 1000000000
999800000 1000000000
999800000 1000000000
999800000 1000000000
999800000 1000000000
999800000 1000000000
999800000 1000000000
999800000 1000000000
999800000 1000000000
999800000 1000000000
999800000 1000000000
999800000 1000000000
999800000 1000000000
999800000 1000000000
999800000 1000000000
999800000 1000000000
999800000 1000000000
999800000 1000000000
999800000 1000000000
999800000 1000000000
999800000 1000000000
999800000 1000000000
999800000 1000000000
999800000 1000000000
999800000 1000000000
999800000 1000000000
999800000 1000000000
999800000 1000000000
999800000 1000000000
999800000 1000000000
999800000 1000000000
999800000 1000000000
999800000 1000000000
999800000 1000000000
999800000 1000000000
999800000 1000000000
999800000 1000000000
999800000 1000000000
999800000 1000000000
999800000 1000000000
999800000 1000000000
999800000 1000000000
999800000 1000000000
999800000 1000000000
999800000 1000000000
999800000 1000000000
999800000 1000000000
999800000 1000000000
999800000 1000000000
999800000 1000000000
999800000 1000000000
999800000 1000000000
999800000 1000000000
999800000 1000000000
999800000 1000000000
999800000 1000000000
999800000 1000000000
999800000 1000000000
999800000 1000000000
999800000 1000000000
999800000 1000000000
999800000 1000000000
999800000 1000000000
999800000 1000000000
999800000 1000000000
999800000 1000000000
999800000 1000000000
999800000 1000000000
999800000 1000000000
999800000 1000000000
999800000 1000000000
999800000 1000000000
999800000 1000000000
999800000 1000000000
999800000 1000000000
999800000 1000000000
999800000 1000000000
999800000 1000000000
999800000 1000000000
999800000 1000000000
999800000 1000000000
999800000 1000000000
999800000 1000000000
999800000 1000000000
999800000 1000000000
999800000 1000000000
999800000 1000000000
999800000 1000000000
