100 200
1 67 17 1000000000
1 43 11 1000000000
3 95 67
1 98 92 1000000000
1 6 29 1000000000
3 29 69
3 58 94
3 95 61
1 30 34 1000000000
1 53 3 1000000000
1 61 7 1000000000
2 4 39 1000000000
1 57 9 1000000000
3 21 12
3 62 70
3 20 49
3 78 54
3 67 19
1 27 54 1000000000
3 83 65
3 30 33
1 22 12 1000000000
1 56 38 1000000000
1 29 66 1000000000
1 94 49 1000000000
2 77 67 1000000000
3 14 30
1 6 96 1000000000
1 88 51 1000000000
1 79 32 1000000000
3 41 41
1 1 84 1000000000
3 34 34
1 50 100 1000000000
1 97 67 1000000000
1 24 75 1000000000
2 31 47 1000000000
1 26 37 1000000000
1 83 37 1000000000
1 49 57 1000000000
2 15 21 1000000000
3 11 18
3 58 21
2 14 67 1000000000
1 9 12 1000000000
2 91 93 1000000000
1 97 59 1000000000
3 3 25
2 36 8 1000000000
3 55 17
3 48 49
1 26 3 1000000000
3 82 8
1 83 75 1000000000
1 30 93 1000000000
3 13 30
3 64 59
3 74 12
2 10 93 1000000000
1 86 32 1000000000
2 86 28 1000000000
3 93 48
1 22 74 1000000000
3 25 58
3 79 92
3 72 19
3 49 5
2 16 66 1000000000
3 65 5
1 92 73 1000000000
2 34 97 1000000000
3 77 43
3 9 62
2 56 63 1000000000
1 10 84 1000000000
3 31 72
2 46 75 1000000000
1 41 4 1000000000
2 35 40 1000000000
1 71 56 1000000000
2 3 39 1000000000
3 30 15
2 17 98 1000000000
1 26 14 1000000000
2 19 32 1000000000
2 22 26 1000000000
3 77 52
3 68 80
1 75 30 1000000000
3 19 73
3 66 70
2 83 16 1000000000
1 68 21 1000000000
1 93 42 1000000000
1 94 34 1000000000
1 49 35 1000000000
3 33 87
1 18 95 1000000000
2 2 72 1000000000
2 88 88 1000000000
3 22 13
2 33 44 1000000000
2 49 39 1000000000
1 18 25 1000000000
1 70 58 1000000000
3 89 3
2 18 55 1000000000
1 35 49 1000000000
1 38 42 1000000000
3 3 81
3 46 23
1 55 93 1000000000
2 86 60 1000000000
1 17 12 1000000000
3 66 65
1 71 29 1000000000
2 100 16 1000000000
2 82 25 1000000000
1 16 69 1000000000
3 90 7
1 6 6 1000000000
3 37 90
3 7 27
1 5 37 1000000000
3 61 95
2 61 25 1000000000
3 74 37
3 97 27
1 84 14 1000000000
3 44 94
1 20 68 1000000000
1 2 49 1000000000
2 52 34 1000000000
3 42 76
1 34 58 1000000000
2 96 87 1000000000
2 32 71 1000000000
2 5 88 1000000000
2 67 97 1000000000
3 21 95
2 43 50 1000000000
2 73 78 1000000000
3 77 18
3 91 21
1 32 9 1000000000
2 100 35 1000000000
2 69 54 1000000000
3 99 90
1 73 75 1000000000
3 7 91
2 6 18 1000000000
1 43 70 1000000000
1 38 38 1000000000
2 20 83 1000000000
1 32 85 1000000000
3 63 44
2 95 27 1000000000
1 33 76 1000000000
2 45 26 1000000000
3 26 71
2 12 19 1000000000
1 29 66 1000000000
1 95 87 1000000000
3 99 31
1 99 36 1000000000
3 35 21
3 3 38
1 76 75 1000000000
2 98 15 1000000000
3 37 13
1 9 16 1000000000
1 79 24 1000000000
1 42 68 1000000000
2 86 92 1000000000
3 6 9
3 24 4
2 82 8 1000000000
3 91 70
1 46 22 1000000000
3 47 80
1 89 87 1000000000
3 57 66
3 86 48
2 89 54 1000000000
2 6 76 1000000000
3 96 9
3 74 58
1 25 66 1000000000
3 59 55
1 89 37 1000000000
1 45 53 1000000000
1 13 45 1000000000
2 39 97 1000000000
1 30 9 1000000000
2 60 61 1000000000
1 59 5 1000000000
1 94 72 1000000000
2 50 80 1000000000
1 85 78 1000000000
3 81 92
