18394775315
18394775315
18394775315
18394775315
18394775315
18394775315
18394775315
18394775315
18394775315
18394775315
18394775315
18394775315
18394775315
18394775315
18394775315
18394775315
18394775315
18394775315
18394775315
18394775315
18394775315
18394775315
18394775315
18394775315
18394775315
18394775315
18394775315
18394775315
18394775315
18394775315
18394775315
18394775315
18394775315
18394775315
18394775315
18394775315
18394775315
18394775315
18394775315
18394775315
18394775315
18394775315
18394775315
18394775315
18394775315
18394775315
18394775315
18394775315
18394775315
18394775315
