267
511
753
985
1214
1435
1670
1903
2126
2346
2570
2805
3021
3238
3453
3685
3909
4134
4351
4570
4785
5006
5226
5453
5674
5899
6106
6330
6538
6757
6987
7199
7410
7633
7843
8058
8277
8493
8709
8921
9142
9361
9581
9795
10011
10229
10445
10666
10879
11095
11310
11526
11734
11955
12170
12382
12606
12819
13042
13251
13470
13674
13898
14111
14311
14523
14743
14963
15170
15397
15602
15821
16035
16255
16459
16669
16877
17095
17302
17522
17733
17947
18163
18377
18595
18806
19003
19214
19434
19645
19858
20073
20290
20499
20713
20919
21135
21349
21565
21778
21989
22213
22423
22634
22854
23069
23271
23482
23699
23915
24135
24341
24555
24757
24970
25178
25395
25602
25813
26030
26239
26455
26659
26885
27094
27298
27499
27699
27926
28142
28346
28555
28785
28993
29199
29413
29617
29821
30027
30243
30451
30658
30877
31087
31306
31521
31731
31931
32151
32366
32582
32794
33009
33218
33430
33654
33854
34059
34269
34490
34701
34906
35115
35333
35545
35743
35947
36159
36367
36586
36797
37014
37222
37434
37661
37862
38063
38265
38481
38690
38911
39121
39329
39539
39755
39965
40178
40377
40582
40789
40999
41214
41429
41635
41838
42058
42269
42493
42694
42906
43115
43311
43518
43729
43930
44146
44355
44567
44778
44994
45201
45402
45607
45809
46018
46230
46433
46645
46855
47053
47258
47469
47687
47895
48103
48317
48530
48738
48949
49162
49373
49586
49798
50006
50214
50429
50633
50831
51045
51253
51467
51686
51890
52098
52314
52513
52726
52933
53151
53354
53561
53774
53986
54191
54394
54613
54818
55023
55231
55434
55646
55869
56078
56287
56498
56715
56926
57145
57359
57563
57769
57981
58191
58405
58610
58818
59034
59249
59458
59666
59873
60071
60283
60486
60697
60902
61109
61307
61517
61734
61931
62146
62349
62554
62762
62967
63178
63386
63595
63817
64022
64229
64429
64643
64843
65047
65261
65469
65686
65897
66113
66310
66515
66722
66930
67138
67357
67569
67774
67985
68186
68385
68599
68809
69018
69227
69437
69634
69839
70042
70258
70467
70681
70882
71093
71305
71526
71726
71929
72143
72354
72563
72770
72985
73193
73394
73605
73807
74018
74233
74443
74649
74863
75065
75273
75478
75693
75903
76107
76310
76514
76730
76938
77135
77354
77566
77786
77986
78194
78398
78602
78807
79014
79223
79441
79645
79853
80065
80283
80483
80691
80893
81111
81318
81521
81739
81946
82151
82362
82570
82778
82982
83185
83387
83603
83806
84009
84218
84423
84633
84841
85045
85254
85462
85674
85882
86078
86298
86510
86707
86907
87115
87330
87535
87755
87954
88158
88358
88555
88753
88962
89179
89385
89594
89801
90022
90231
90438
90649
90849
91049
91259
91469
91667
91879
92086
92291
92506
92714
92929
93134
93349
93558
93755
93958
94170
94373
94591
94791
94998
95210
95421
95631
95845
96054
96254
96466
96666
96886
97090
97293
97491
97702
97907
98113
98313
98529
98734
98945
99159
99359
99565
99770
99978
100178
100385
100595
100794
101001
101211
101417
101630
101838
102049
102266
102466
102685
102878
103083
103285
103494
103702
103899
104111
104322
104523
104739
104946
105145
105353
105566
105766
105970
106171
106393
106589
106806
107013
107218
107419
107614
107815
108030
108238
108442
108651
108853
109069
109282
109491
109703
109910
110111
110306
110507
110722
110931
111139
111345
111543
111755
111967
112170
112386
112582
112790
112991
113222
113426
113629
113831
114037
114241
114442
114653
114865
115062
115270
115481
115678
115906
116111
116317
116526
116727
116935
117143
117349
117559
117767
117985
118185
118390
118595
118798
119006
119213
119415
119621
119834
120038
120245
120451
120655
120867
121082
121281
121494
121709
121907
122126
122335
122542
122739
122951
123153
123355
123567
123770
123977
124178
124387
124594
124805
125002
125206
125417
125615
125827
126043
126246
126446
126654
126854
127055
127255
127459
127670
127887
128083
128294
128501
128707
128917
129134
129334
129551
129751
129946
130154
130370
130574
130785
130983
131185
131394
131599
131811
132013
132217
132430
132638
132853
133058
133265
133471
133671
133883
134085
134290
134498
134706
134905
135113
135318
135527
135745
135949
136149
136355
136577
136783
136995
137195
137405
137607
137810
138017
138221
138430
138642
138845
139045
139245
139463
139673
139873
140077
140285
140497
140701
140910
141110
141329
141526
141735
141943
142142
142347
142554
142753
142959
143162
143362
143574
143781
143986
144187
144391
144598
144803
145010
145217
145411
145626
145837
146038
146251
146459
146663
146869
147074
147279
147486
147694
147899
148098
148295
148503
148710
148922
149135
149345
149555
149765
149974
150177
150382
150594
150790
150998
151203
151414
151629
151837
152051
152255
152466
152669
152877
153086
153285
153493
153691
153894
154106
154309
154511
154722
154929
155130
155341
155545
155759
155958
156162
156369
156562
156777
156977
157190
157402
157606
157811
158018
158217
158422
158635
158831
159033
159238
159439
159649
159866
160071
160283
160489
160698
160906
161111
161314
161515
161718
161929
162134
162329
162537
162743
162957
163159
163362
163577
163778
163986
164193
164401
164603
164807
165002
165202
165406
165619
165822
166026
166226
166435
166638
166838
167055
167263
167477
167674
167871
168078
168286
168482
168689
168882
169085
169287
169494
169703
169907
170121
170326
170535
170742
170954
171155
171361
171570
171781
171985
172189
172393
172606
172811
173017
173226
173415
173615
173830
174037
174245
174451
174662
174862
175063
175258
175461
175659
175871
176083
176287
176506
176722
176929
177126
177334
177541
177727
177934
178138
178355
178554
178761
178979
179182
179391
179602
179810
180031
180227
180442
180638
180835
181033
181237
181435
181634
181841
182046
182257
182462
182677
182882
183090
183281
183498
183718
183903
184107
184317
184519
184729
184929
185133
185335
185545
185757
185969
186178
186383
186585
186803
186997
187213
187422
187629
187834
188038
188234
188439
188642
188854
189070
189265
189478
189683
189890
190099
190295
190497
190697
190910
191110
191311
191518
191733
191935
192137
192349
192549
192755
192966
193178
193385
193591
193798
194010
194221
194415
194614
194818
195015
195230
195437
195630
195839
196058
196261
196458
196667
196870
197071
197286
197494
197701
197905
198115
198318
198526
198730
198933
199137
199333
199542
199743
199954
200157
200365
200559
200762
200965
201178
201374
201579
201795
202013
202213
202413
202610
202819
203027
203222
203437
203629
203830
204042
204235
204446
204646
204843
205049
205262
205471
205681
205873
206090
206297
206510
206714
206918
207118
207323
207539
207745
207955
208158
208358
208574
208774
208981
209174
209395
209599
209806
210018
210227
210434
210638
210842
211045
211258
211459
211659
211863
212066
212273
212474
212682
212879
213078
213293
213501
213702
213899
214111
214321
214526
214730
214935
215129
215335
215542
215733
215941
216143
216345
216543
216746
216958
217162
217379
217585
217787
217986
218198
218383
218602
218811
219021
219229
219423
219635
219842
220061
220261
220467
220674
220874
221079
221286
221487
221694
221893
222103
222306
222513
222711
222923
223134
223346
223557
223746
223949
224151
224357
224558
224767
224970
225177
225385
225582
225793
226006
226207
226407
226605
226807
227010
227215
227422
227641
227842
228038
228239
228445
228662
228866
229071
229286
229490
229706
229915
230119
230331
230542
230739
230951
231153
231351
231557
231763
231971
232177
232373
232573
232773
232981
233178
233383
233582
233786
233986
234186
234399
234602
234806
235023
235221
235415
235622
235821
236015
236218
236422
236626
236831
237037
237245
237446
237647
237842
238058
238271
238478
238677
238889
239086
239286
239491
239695
239903
240107
240317
240522
240721
240929
241135
241345
241549
241757
241971
242170
242382
242582
242787
242986
243193
243393
243605
243807
244014
244221
244435
244643
244849
245047
245254
245458
245666
245873
246077
246282
246479
246691
246893
247109
247305
247502
247713
247917
248129
248334
248538
248745
248955
249162
249362
249574
249771
249979
250185
250379
250577
250781
250990
251198
251401
251607
251814
252030
252226
252430
252629
252826
253037
253226
253435
253641
253851
254067
254265
254465
254661
254870
255082
255297
255495
255706
255913
256118
256321
256526
256729
256927
257119
257326
257534
257739
257939
258145
258349
258553
258767
258963
259167
259369
259573
259779
259982
260182
260377
260593
260803
261006
261206
261411
261622
261827
262018
262227
262427
262633
262838
263037
263243
263451
263658
263851
264070
264277
264478
264678
264885
265087
265297
265498
265705
265909
266118
266318
266523
266729
266934
267127
267342
267563
267779
267987
268187
268387
268586
268791
269002
269202
269414
269614
269818
270021
270230
270438
270646
270851
271054
271257
271461
271670
271877
272082
272285
272498
272699
272899
273103
273306
273497
273703
273898
274109
274322
274515
274717
274927
275134
275335
275547
275754
275954
276162
276369
276569
276773
276982
277181
277390
277591
277797
277990
278197
278401
278602
278806
279015
279226
279417
279622
279822
280022
280226
280430
280641
280846
281057
281261
281459
281667
281877
282083
282282
282498
282695
282899
283102
283298
283494
283699
283903
284109
284315
284514
284721
284939
285143
285342
285541
285753
285954
286153
286343
286561
286765
286958
287169
287386
287574
287773
287970
288166
288374
288579
288778
288982
289201
289410
289615
289811
290017
290231
290433
290638
290845
291054
291255
291458
291658
291866
292065
292273
292470
292685
292891
293089
293294
293497
293695
293897
294097
294307
294519
294715
294918
295131
295330
295526
295719
295930
296135
296338
296538
296746
296957
297163
297353
297557
297762
297977
298177
298382
298578
298786
298985
299186
299399
299595
299801
300005
300202
300405
300610
300827
301035
301238
301443
301647
301855
302062
302253
302451
302657
302855
303069
303267
303481
303694
303893
304103
304298
304509
304715
304923
305137
305335
305546
305745
305951
306147
306353
306561
306761
306971
307174
307382
307579
307786
307985
308186
308382
308590
308787
308995
309206
309414
309619
309826
310022
310222
310426
310638
310846
311046
311243
311442
311642
311847
312046
312257
312463
312665
312871
313071
313274
313474
313685
313895
314103
314315
314521
314726
314918
315123
315321
315533
315733
315938
316135
316351
316553
316757
316973
317170
317378
317579
317793
317991
318193
318406
318610
318822
319021
319231
319438
319647
319854
320062
320266
320474
320678
320879
321082
321283
321493
321695
321899
322113
322311
322509
322719
322922
323133
323322
323529
323729
323934
324134
324343
324554
324755
324966
325173
325378
325578
325790
325991
326202
326397
326598
326801
327005
327202
327406
327633
327838
328046
328242
328453
328654
328855
329055
329262
329466
329669
329871
330081
330285
330491
330690
330898
331098
331310
331514
331721
331927
332131
332338
332538
332737
332941
333145
333346
333557
333761
333962
334159
334361
334570
334774
334978
335190
335387
335590
335789
335989
336191
336390
336595
336809
337011
337210
337418
337621
337822
338030
338234
338455
338653
338854
339053
339258
339447
339645
339853
340043
340257
340462
340666
340863
341074
341278
341483
341690
341890
342095
342295
342506
342709
342913
343110
343318
343515
343726
343930
344130
344343
344539
344742
344951
345158
345349
345553
345767
345977
346177
346387
346598
346798
346998
347206
347413
347610
347810
348018
348215
348422
348631
348834
349033
349239
349447
349643
349851
350057
350258
350455
350647
350859
351070
351274
351483
351683
351898
352101
352299
352515
352718
352922
353129
353330
353537
353739
353946
354146
354351
354563
354773
354982
355190
355385
355595
355798
355999
356194
356390
356599
356791
356993
357194
357398
357601
357815
358013
358214
358418
358629
358843
359049
359255
359458
359659
359858
360055
360254
360455
360651
360849
361057
361255
361465
361666
361869
362074
362279
362497
362687
362891
363094
363297
363503
363709
363910
364109
364318
364530
364735
364938
365145
365349
365570
365766
365965
366166
366378
366581
366779
366986
367197
367405
367606
367810
368014
368223
368426
368634
368831
369034
369230
369433
369617
369815
370023
370229
370417
370633
370831
371026
371226
371434
371638
371829
372041
372238
372445
372649
372863
373070
373271
373481
373682
373879
374087
374289
374491
374689
374902
375123
375329
375541
375739
375945
376145
376345
376546
376751
376962
377158
377359
377569
377781
377971
378177
378382
378578
378785
378987
379194
379398
379613
379810
380017
380218
380418
380617
380821
381027
381226
381430
381642
381842
382039
382237
382431
382639
382846
383053
383257
383457
383666
383871
384074
384278
384486
384685
384887
385090
385301
385498
385703
385905
386106
386318
386531
386741
386929
387133
387335
387534
387739
387938
388139
388347
388551
388743
388949
389157
389359
389559
389766
389973
390179
390382
390599
390799
391001
391207
391414
391607
391818
392021
392230
392446
392651
392855
393061
393269
393474
393689
393891
394091
394294
394493
394697
394906
395117
395331
395527
395726
395923
396130
396335
396534
396741
396933
397138
397339
397538
397741
397943
398154
398363
398573
398777
398981
399187
399381
399594
399802
399999
400198
400406
400605
400807
401005
401210
401413
401611
401810
402014
402217
402423
402634
402833
403026
403231
403437
403635
403837
404049
404254
404458
404655
404853
405055
405258
405458
405662
405879
406082
406273
406473
406685
406882
407067
407270
407478
407685
407897
408098
408305
408506
408714
408910
409115
409309
409522
409721
409935
410135
410342
410547
410745
410946
411153
411362
411558
411769
411969
412183
412386
412583
412781
412978
413189
413389
413593
413791
413989
414193
414401
414602
414823
415022
415230
415421
415630
415839
416041
416238
416447
416658
416846
417047
417245
417449
417659
417858
418081
418282
418495
418693
418907
419110
419307
419518
419726
419934
420130
420337
420539
420738
420945
421145
421346
421549
421759
421955
422166
422371
422565
422765
422966
423177
423382
423591
423794
423987
424203
424403
424605
424805
425014
425217
425429
425627
425827
426029
426227
426433
426621
426829
427038
427245
427453
427649
427843
428057
428262
428458
428674
428874
429065
429267
429477
429690
429893
430106
430297
430490
430694
430915
431122
431322
431530
431733
431938
432147
432355
432561
432759
432965
433167
433379
433579
433779
433986
434190
434402
434603
434798
435017
435215
435431
435643
435853
436054
436254
436458
436659
436861
437062
437269
437465
437669
437869
438065
438266
438466
438673
438865
439061
439266
439467
439671
439885
440089
440293
440494
440702
440905
441114
441322
441510
441714
441915
442119
442331
442534
442730
442938
443157
443366
443566
443770
443978
444190
444387
444601
444795
445003
445206
445398
445603
445805
446010
446206
446413
446617
446807
447014
447209
447411
447609
447807
448015
448221
448419
448610
448811
449017
449230
449438
449634
449835
450038
450246
450455
450663
450867
451077
451270
451473
451685
451891
452093
452291
452485
452693
452893
453085
453287
453490
453693
453891
454098
454295
454495
454697
454899
455102
455303
455515
455723
455919
456133
456323
456522
456742
456937
457141
457347
457555
457759
457951
458153
458353
458551
458762
458969
459174
459381
459578
459777
459971
460174
460370
460573
460774
460982
461182
461386
461587
461783
461985
462179
462383
462593
462793
462994
463178
463394
463601
463801
464009
464219
464426
464630
464831
465043
465247
465454
465646
465846
466046
466257
466462
466658
466862
467053
467254
467457
467674
467877
468085
468291
468487
468701
468911
469106
469309
469509
469707
469913
470113
470326
470534
470739
470945
471145
471351
471551
471757
471963
472165
472367
472574
472777
472974
473171
473371
473587
473790
473991
474198
474407
474613
474818
475018
475230
475439
475642
475858
476066
476269
476465
476669
476866
477070
477265
477457
477662
477869
478061
478265
478474
478671
478893
479095
479298
479503
479702
479914
480121
480311
480530
480727
480927
481135
481337
481538
481739
481951
482145
482345
482558
482766
482970
483161
483370
483583
483789
483987
484195
484394
484593
484793
484982
485187
485386
485581
485778
485971
486177
486386
486587
486791
486997
487198
487399
487605
487814
488019
488218
488437
488634
488845
489041
489247
489454
489649
489862
490067
490278
490477
490687
490879
491089
491282
491493
491699
491903
492110
492298
492501
492701
492906
493099
493315
493511
493714
493917
494130
494329
494530
494742
494945
495146
495354
495553
495770
495982
496171
496379
496578
496774
496978
497179
497382
497589
497802
498007
498202
498398
498601
498813
499013
499219
499427
499627
499835
500037
500243
500449
500645
500851
501063
501278
501479
501673
501874
502070
502270
502466
502673
502878
503070
503274
503477
503674
503878
504078
504278
504483
504687
504890
505101
505299
505510
505717
505914
506110
506314
506521
506734
506938
507138
507335
507535
507737
507943
508145
508346
508551
508747
508954
509158
509357
509561
509766
509973
510177
510385
510586
510785
510982
511186
511393
511606
511802
512005
512202
512395
512598
512806
513005
513215
513417
513613
513818
514027
514234
514437
514630
514851
515046
515243
515443
515633
515837
516035
516246
516458
516662
516865
517071
517283
517494
517705
517899
518105
518314
518513
518707
518921
519126
519326
519533
519745
519945
520145
520342
520545
520751
520949
521159
521354
521571
521771
521971
522181
522393
522587
522794
523001
523193
523385
523594
523799
523999
524198
524409
524607
524802
525014
525214
525418
525622
525833
526034
526241
526442
526645
526861
527055
527261
527471
527665
527865
528065
528261
528466
528662
528862
529071
529279
529474
529674
529882
530086
530291
530494
530699
530907
531107
531310
531501
531705
531905
532109
532311
532517
532727
532930
533131
533338
533531
533733
533935
534145
534351
534543
534754
534954
535145
535345
535541
535746
535945
536153
536363
536577
536781
536983
537194
537397
537585
537783
537982
538189
538391
538594
538791
538993
539198
539405
539599
539806
540001
540205
540407
540609
540822
541018
541218
541421
541622
541830
542030
542243
542433
542639
542842
543047
543251
543466
543669
543874
544081
544285
544474
544669
544881
545079
545281
545479
545681
545882
546083
546293
546486
546697
546890
547095
547297
547503
547706
547914
548110
548311
548515
548718
548930
549133
549337
549538
549755
549947
550153
550353
550554
550759
550965
551170
551369
551566
551777
551978
552183
552378
552570
552774
552981
553187
553387
553597
553799
554002
554203
554399
554609
554817
555017
555217
555418
555614
555809
556009
556203
556415
556617
556831
557042
557237
557430
557635
557841
558037
558242
558442
558651
558847
559047
559257
559455
559662
559866
560067
560291
560497
560699
560909
561117
561310
561506
561701
561890
562087
562286
562503
562718
562917
563127
563322
563530
563718
563918
564121
564334
564541
564739
564934
565138
565342
565557
565757
565953
566157
566354
566561
566763
566962
567167
567355
567559
567759
567973
568185
568385
568581
568777
568973
569182
569383
569578
569787
569995
570214
570410
570621
570822
571030
571234
571431
571629
571835
572037
572243
572446
572658
572863
573069
573267
573467
573674
573878
574082
574285
574486
574685
574883
575083
575290
575490
575690
575894
576097
576302
576499
576713
576915
577114
577315
577515
577722
577927
578123
578330
578534
578749
578949
579151
579349
579553
579767
579965
580157
580366
580566
580767
580974
581178
581387
581590
581793
581993
582195
582398
582594
582798
582999
583203
583414
583627
583823
584023
584222
584422
584634
584830
585038
585238
585445
585646
585854
586061
586263
586469
586678
586877
587086
587293
587495
587710
587917
588130
588327
588531
588729
588929
589129
589335
589534
589727
589939
590143
590341
590531
590734
590933
591134
591337
591533
591735
591935
592134
592333
592543
592754
592959
593166
593371
593579
593781
593979
594183
594389
594595
594790
594994
595210
595417
595614
595802
596003
596210
596411
596606
596813
597018
597217
597427
597633
597837
598033
598237
598435
598637
598839
599042
599237
599447
599649
599849
600049
600249
600466
600663
600859
601069
601270
601478
601667
601881
602085
602291
602495
602699
602906
603111
603309
603506
603706
603922
604126
604321
604515
604721
604930
605130
605334
605534
605739
605939
606147
606347
606545
606749
606949
607165
607371
607567
607758
607963
608163
608366
608573
608777
608978
609181
609389
609595
609801
609999
610190
610390
610599
610802
611007
611210
611398
611602
611790
612006
612222
612430
612618
612818
613027
613226
613430
613643
613839
614038
614239
614435
614634
614847
615049
615241
615453
615655
615862
616061
616270
616477
616678
616886
617093
617295
617506
617711
617914
618110
618307
618514
618713
618907
619106
619310
619510
619709
619918
620113
620322
620530
620733
620938
621142
621334
621538
621741
621938
622141
622346
622543
622747
622949
623153
623355
623553
623765
623965
624170
624374
624579
624782
624986
625183
625382
625577
625785
625985
626181
626381
626578
626786
626989
627194
627398
627591
627798
627995
628197
628401
628597
628793
628995
629198
629391
629594
629798
630011
630214
630411
630615
630807
631009
631205
631406
631621
631826
632030
632235
632441
632649
632845
633047
633246
633451
633655
633854
634053
634259
634463
634667
634873
635074
635273
635487
635685
635885
636090
636295
636495
636699
636901
637102
637303
637510
637719
637923
638115
638310
638510
638709
638898
639102
639298
639498
639709
639902
640113
640319
640514
640718
640915
641122
641319
641522
641721
641933
642130
642334
642526
642721
642926
643137
643330
643529
643735
643935
644146
644343
644555
644763
644973
645181
645371
645578
645782
645985
646185
646385
646586
646786
646986
647194
647395
647607
647817
648015
648222
648427
648614
648818
649023
649230
649433
649635
649851
650047
650245
650441
650643
650838
651039
651246
651445
651639
651851
652049
652249
652458
652666
652874
653071
653262
653465
653669
653870
654081
654283
654485
654695
654901
655102
655310
655513
655715
655907
656105
656309
656511
656713
656913
657118
657319
657527
657731
657922
658126
658334
658534
658739
658939
659139
659339
659535
659746
659949
660155
660361
660567
660777
660986
661182
661389
661591
661786
661989
662191
662398
662597
662795
663002
663199
663401
663610
663802
664018
664226
664423
664629
664831
665035
665245
665446
665646
665846
666049
666255
666451
666646
666859
667058
667257
667459
667661
667871
668074
668271
668455
668659
668859
669063
669263
669471
669674
669881
670078
670286
670490
670691
670893
671097
671294
671498
671693
671891
672099
672313
672511
672701
672907
673105
673318
673534
673735
673927
674130
674329
674529
674726
674934
675138
675343
675546
675749
675953
676158
676358
676558
676759
676959
677171
677373
677573
677773
677971
678162
678370
678574
678790
678994
679190
679391
679594
679801
680009
680206
680426
680627
680819
681023
681227
681437
681637
681838
682041
682238
682449
682647
682847
683034
683233
683431
683634
683846
684055
684253
684455
684662
684863
685065
685270
685473
685671
685877
686078
686282
686483
686679
686877
687093
687297
687506
687713
687913
688119
688318
688529
688730
688929
689137
689338
689538
689738
689947
690151
690338
690542
690739
690941
691138
691351
691547
691755
691961
692167
692366
692578
692787
692986
693191
693383
693589
693795
693998
694191
694403
694610
694807
695009
695206
695414
695611
695829
696018
696215
696419
696622
696835
697031
697238
697439
697647
697849
698055
698241
698449
698651
698846
699038
699242
699447
699654
699846
700039
700246
700447
700649
700853
701057
701249
701459
701663
701859
702057
702259
702467
702681
702886
703078
703283
703486
703687
703891
704094
704301
704501
704706
704921
705133
705335
705534
705721
705930
706135
706345
706541
706742
706953
707151
707353
707547
707755
707965
708177
708386
708582
708774
708977
709174
709383
709583
709790
709999
710194
710398
710602
710807
711026
711221
711418
711623
711827
712037
712229
712430
712633
712831
713033
713237
713442
713643
713847
714046
714245
714434
714638
714838
715045
715254
715447
715654
715857
716069
716263
716467
716665
716867
717071
717269
717473
717673
717869
718062
718265
718473
718667
718865
719065
719269
719461
719661
719869
720069
720273
720474
720671
720883
721093
721306
721509
721714
721910
722109
722314
722523
722717
722919
723130
723341
723543
723745
723955
724147
724353
724561
724771
724973
725178
725377
725574
725774
725973
726179
726378
726577
726783
726986
727190
727393
727599
727806
728007
728202
728401
728602
728801
729015
729215
729415
729623
729827
730030
730221
730417
730622
730822
731026
731237
731437
731635
731847
732054
732255
732457
732658
732857
733053
733255
733463
733659
733858
734066
734266
734469
734677
734874
735082
735286
735503
735698
735899
736113
736309
736513
736706
736907
737113
737319
737521
737722
737934
738134
738329
738535
738727
738931
739141
739349
739559
739757
739959
740163
740357
740559
740771
740963
741169
741362
741570
741767
741974
742171
742373
742574
742785
742974
743189
743397
743583
743781
743974
744166
744366
744569
744781
744978
745179
745382
745574
745777
745977
746182
746386
746587
746782
746986
747179
747373
747579
747785
747989
748187
748390
748587
748798
749010
749213
749413
749611
749814
750014
750226
750409
750606
750815
751015
751223
751433
751639
751839
752046
752243
752446
752647
752854
753054
753249
753451
753654
753857
754054
754269
754481
754673
754878
755093
755294
755502
755702
755898
756093
756299
756494
756695
756897
757086
757281
757486
757681
757887
758089
758297
758497
758702
758913
759110
759314
759511
759729
759921
760123
760337
760539
760739
760943
761143
761343
761577
761771
761969
762169
762370
762574
762769
762978
763187
763383
763589
763790
763993
764202
764403
764601
764791
765002
765206
765413
765614
765807
766014
766221
766435
766634
766837
767041
767237
767442
767651
767851
768047
768251
768462
768665
768862
769062
769265
769471
769677
769873
770074
770273
770477
770682
770885
771090
771290
771491
771702
771901
772098
772295
772498
772698
772899
773106
773303
773502
773709
773913
774113
774319
774509
774718
774923
775129
775326
775522
775721
775918
776121
776333
776526
776722
776919
777122
777331
777529
777730
777931
778137
778341
778546
778751
778957
779162
779359
779554
779765
779965
780161
780361
780557
780757
780969
781174
781385
781593
781790
781995
782207
782414
782606
782801
782997
783201
783402
783598
783815
784006
784205
784414
784621
784822
785021
785231
785438
785638
785843
786039
786239
786437
786634
786837
787037
787238
787434
787637
787846
788042
788246
788461
788658
788861
789070
789270
789466
789666
789871
790077
790278
790478
790681
790886
791094
791294
791495
791691
791885
792098
792314
792510
792730
792922
793121
793319
793515
793723
793929
794145
794337
794541
794746
794938
795146
795351
795543
795749
795957
796153
796354
796562
796766
796982
797189
797387
797594
797790
797989
798202
798401
798595
798801
798991
799187
799393
799590
799799
799995
800202
800405
800615
800831
801039
801233
801438
801638
801834
802030
802235
802423
802627
802834
803026
803222
803422
803633
803827
804027
804234
804431
804637
804835
805046
805258
805466
805670
805866
806073
806277
806479
806678
806870
807061
807269
807467
807670
807865
808067
808270
808473
808674
808878
809074
809281
809485
809682
809893
810098
810294
810507
810709
810905
811109
811313
811513
811718
811921
812123
812321
812534
812735
812926
813130
813337
813538
813733
813926
814134
814334
814535
814735
814953
815143
815347
815547
815749
815947
816149
816355
816546
816746
816959
817165
817370
817562
817765
817973
818174
818381
818571
818771
818961
819178
819374
819589
819797
819995
820193
820398
820601
820810
821011
821215
821405
821607
821811
822017
822215
822426
822635
822849
823054
823251
823443
823658
823866
824066
824266
824457
824658
824862
825077
825271
825482
825685
825886
826090
826291
826494
826701
826903
827107
827305
827503
827701
827907
828113
828307
828505
828706
828907
829106
829313
829505
829703
829909
830107
830310
830519
830722
830926
831127
831322
831521
831743
831949
832146
832342
832547
832766
832971
833163
833369
833567
833770
833970
834167
834369
834558
834758
834963
835165
835359
835561
835762
835963
836170
836374
836574
836782
836987
837190
837391
837587
837787
837985
838190
838373
838585
838794
839003
839194
839391
839597
839803
840011
840209
840403
840605
840805
841009
841210
841421
841613
841809
842009
842221
842430
842637
842834
843034
843233
843438
843647
843855
844046
844255
844451
844666
844871
845066
845270
845474
845670
845862
846078
846269
846470
846665
846870
847087
847294
847490
847695
847893
848086
848289
848485
848690
848902
849102
849305
849498
849697
849895
850105
850313
850514
850709
850902
851099
851309
851513
851717
851918
852115
852329
852517
852722
852934
853130
853323
853514
853715
853921
854133
854322
854534
854726
854917
855118
855323
855529
855730
855934
856131
856338
856541
856743
856955
857162
857365
857563
857767
857966
858170
858377
858571
858777
858974
859174
859377
859579
859774
859979
860182
860390
860590
860793
860995
861198
861394
861591
861791
861999
862203
862419
862622
862827
863030
863227
863422
863611
863813
864021
864237
864443
864646
864839
865039
865239
865442
865645
865855
866059
866257
866454
866649
866858
867058
867270
867471
867683
867885
868083
868286
868490
868695
868898
869106
869306
869511
869714
869915
870114
870319
870526
870721
870938
871134
871338
871526
871723
871917
872123
872333
872545
872745
872934
873142
873334
873535
873743
873935
874133
874327
874531
874735
874942
875138
875347
875557
875769
875966
876174
876382
876577
876782
876985
877183
877389
877585
877777
877981
878186
878389
878585
878794
878997
879205
879411
879602
879815
880017
880226
880429
880631
880834
881035
881245
881445
881643
881835
882043
882249
882443
882647
882842
883045
883254
883454
883649
883849
884054
884258
884465
884663
884859
885058
885262
885458
885661
885863
886082
886282
886486
886690
886881
887082
887285
887486
887694
887890
888090
888294
888506
888699
888905
889111
889314
889514
889706
889905
890103
890306
890502
890697
890899
891106
891301
891505
891715
891926
892126
892329
892522
892726
892930
893138
893342
893542
893739
893942
894138
894353
894561
894759
894954
895147
895358
895555
895765
895967
896170
896366
896574
896779
896974
897173
897379
897587
897791
897989
898195
898397
898602
898802
898998
899202
899394
899589
899785
899986
900186
900386
900582
900790
900993
901194
901390
901601
901801
902002
902202
902406
902607
902809
903007
903201
903401
903603
903802
903995
904195
904398
904598
904813
905018
905223
905417
905614
905829
906033
906231
906441
906638
906853
907053
907255
907463
907665
907870
908070
908274
908473
908682
908894
909098
909302
909505
909706
909913
910117
910318
910510
910705
910906
911107
911318
911518
911715
911926
912131
912327
912545
912733
912930
913134
913319
913526
913718
913909
914101
914298
914503
914705
914915
915110
915319
915514
915717
915918
916117
916327
916530
916726
916919
917129
917331
917529
917731
917943
918141
918339
918546
918742
918942
919154
919357
919554
919751
919959
920153
920354
920557
920755
920962
921165
921363
921561
921767
921970
922171
922378
922579
922786
922974
923185
923385
923595
923791
923998
924203
924405
924607
924817
925009
925229
925430
925633
925827
926031
926234
926438
926643
926849
927047
927247
927445
927642
927849
928039
928245
928445
928642
928841
929042
929249
929454
929663
929865
930066
930271
930470
930674
930874
931065
931265
931463
931661
931861
932066
932271
932477
932690
932881
933089
933287
933486
933683
933886
934094
934294
934493
934697
934901
935115
935313
935511
935714
935913
936107
936307
936514
936718
936923
937118
937315
937513
937714
937923
938131
938330
938526
938723
938919
939122
939318
939521
939718
939917
940115
940321
940521
940723
940933
941137
941345
941549
941757
941951
942154
942353
942551
942757
942962
943166
943381
943579
943782
943989
944185
944381
944589
944795
944999
945194
945398
945593
945790
946001
946201
946393
946597
946797
947003
947194
947393
947591
947795
947994
948197
948394
948605
948795
948997
949197
949389
949594
949802
950006
950205
950414
950622
950831
951035
951239
951443
951646
951838
952033
952238
952445
952637
952847
953049
953247
953445
953642
953841
954042
954246
954449
954647
954843
955049
955253
955459
955654
955859
956065
956258
956465
956658
956846
957054
957257
957451
957655
957857
958066
958263
958465
958666
958865
959065
959266
959465
959673
959871
960079
960278
960477
960679
960871
961070
961291
961490
961697
961899
962105
962299
962501
962706
962902
963106
963313
963515
963715
963933
964119
964327
964529
964729
964934
965129
965341
965542
965738
965933
966129
966338
966545
966742
966945
967138
967337
967539
967737
967947
968151
968354
968565
968762
968954
969157
969357
969555
969769
969971
970169
970373
970571
970770
970981
971191
971399
971599
971797
972003
972210
972413
972617
972807
973010
973217
973410
973606
973806
974006
974207
974409
974622
974823
975037
975237
975442
975641
975839
976042
976238
976431
976646
976835
977030
977222
977430
977622
977817
978010
978227
978438
978639
978838
979041
979243
979453
979643
979843
980041
980242
980438
980642
980842
981042
981246
981454
981655
981854
982049
982259
982459
982654
982859
983057
983271
983473
983666
983867
984062
984255
984467
984669
984865
985062
985265
985467
985674
985873
986079
986282
986474
986686
986890
987103
987302
987501
987698
987887
988097
988295
988494
988697
988891
989089
989283
989486
989686
989895
990101
990299
990501
990701
990905
991105
991301
991505
991709
991913
992121
992315
992517
992717
992915
993118
993322
993522
993715
993921
994121
994323
994523
994727
994937
995131
995322
995527
995741
995933
996135
996342
996535
996742
996945
997158
997370
997566
997774
997977
998174
998374
998578
998777
998986
999186
999386
999579
999781
999977
