3 3 3 3 1
3 3 3 4 1
3 3 4 3 1
3 3 4 4 0
3 3 5 3 1
3 3 5 4 2
3 3 6 3 1
3 3 6 4 2
3 3 9 7 1
3 4 3 4 1
3 4 3 7 1
3 4 4 4 1
3 4 4 7 0
3 4 5 4 1
3 4 5 7 2
3 4 6 4 1
3 4 6 7 2
3 4 9 7 2
3 5 3 7 1
3 5 4 7 1
3 5 5 7 1
3 5 6 7 1
3 5 9 7 1
3 6 3 7 0
3 6 4 7 0
3 6 5 7 0
3 6 6 7 0
3 6 9 7 0
4 3 4 3 1
4 3 4 4 1
4 3 5 3 1
4 3 5 4 0
4 3 6 3 1
4 3 6 4 2
4 3 9 3 1
4 3 9 4 2
4 3 9 7 3
4 4 4 4 1
4 4 4 7 1
4 4 5 4 1
4 4 5 7 0
4 4 6 4 1
4 4 6 7 2
4 4 9 4 1
4 4 9 7 2
4 5 4 7 1
4 5 5 7 1
4 5 6 7 1
4 5 9 7 1
4 6 4 7 0
4 6 5 7 0
4 6 6 7 0
4 6 9 7 0
5 3 5 3 1
5 3 5 4 1
5 3 6 3 1
5 3 6 4 0
5 3 9 3 1
5 3 9 4 2
5 3 9 7 1
5 4 5 4 1
5 4 5 7 1
5 4 6 4 1
5 4 6 7 0
5 4 9 4 1
5 4 9 7 2
5 5 5 7 1
5 5 6 7 1
5 5 9 7 1
5 6 5 7 0
5 6 6 7 0
5 6 9 7 0
6 3 6 3 1
6 3 6 4 1
6 3 9 3 1
6 3 9 4 0
6 3 9 7 2
6 4 6 4 1
6 4 6 7 1
6 4 9 4 1
6 4 9 7 0
6 5 6 7 1
6 5 9 7 1
6 6 6 7 0
6 6 9 7 0
7 3 9 3 1
7 3 9 4 1
7 3 9 7 1
7 4 9 4 1
7 4 9 7 1
7 5 9 7 1
7 6 9 7 0
8 3 9 3 0
8 3 9 4 0
8 3 9 7 0
8 4 9 4 0
8 4 9 7 0
8 5 9 7 0
8 6 9 7 0
Kirito
