100
3 5 3
5 3 14
15 1 0
4 2 8
2 4 1
5 3 3
5 3 9
9 1 7
3 5 7
15 1 15
5 3 0
1 16 8
4 4 0
5 3 5
3 4 11
2 3 4
1 5 2
15 1 7
5 3 15
3 5 8
3 5 9
16 1 16
4 4 9
3 5 4
2 3 2
11 1 9
3 5 2
1 15 8
1 16 1
2 6 12
3 5 10
2 3 5
4 4 8
1 15 15
3 5 14
15 1 8
15 1 1
5 3 7
7 2 12
4 3 12
1 15 7
4 4 1
15 1 6
1 16 7
3 5 5
1 15 0
3 5 13
16 1 8
2 5 10
2 2 4
5 3 11
16 1 9
1 7 2
1 16 9
9 1 6
5 3 10
5 3 2
1 16 0
3 2 4
3 3 9
2 4 7
1 1 1
1 15 6
2 5 3
5 3 6
1 15 1
16 1 1
12 1 12
2 5 5
2 8 15
3 5 6
3 5 12
8 2 12
1 1 0
1 14 13
16 1 7
4 4 16
2 8 12
5 2 5
3 5 0
5 3 1
3 5 1
2 5 6
5 3 8
15 1 10
3 4 12
1 16 16
4 2 7
5 3 13
2 3 3
5 3 4
2 4 0
3 5 15
1 9 6
16 1 0
5 3 12
4 4 7
2 2 0
3 5 11
7 2 9
