1
6
30
140
630
2772
12012
51480
218790
923780
3879876
16224936
67603900
280816200
163381393
808643092
835652737
676217133
780003755
465278554
707642063
88438905
452704612
241488403
569410976
883196772
62263738
661074491
191517553
55140383
957570896
827546201
424406421
177892729
780858724
482341090
178383297
425878229
620664394
411922402
368285719
149644609
367609130
673581125
497669081
435017161
106808509
219013120
551844691
474800984
438195965
377811143
641160379
437892836
619641441
28370890
185925378
171277837
518603686
990299607
294208389
104512512
840776261
262812205
715711699
746407141
584004521
54943576
397860881
573990209
969503404
201098193
726645499
816901036
992385237
236004528
371281385
105158813
397690606
322349519
872456811
326184180
410253401
494272714
941240199
857695839
78636724
511756937
354113121
739016819
150267630
725252227
851557855
26695006
277560770
10823299
939352021
364405009
669138500
366839610
