50 1000
71 742 876
37 913 297
71 517 146
62 734 670
67 122 568
70 521 331
68 529 255
100 831 713
53 946 579
80 72 568
19 338 683
40 914 523
12 339 692
56 111 463
40 376 940
40 387 459
15 767 3
56 408 195
16 778 723
83 245 344
27 376 961
89 639 173
81 139 498
70 345 408
56 555 470
14 572 979
29 426 872
17 340 491
40 153 317
18 368 977
42 124 140
35 20 341
70 77 443
1 914 11
77 948 658
15 100 83
16 197 811
75 308 923
49 691 910
78 698 200
87 789 908
60 905 807
96 55 432
38 31 572
42 948 127
42 545 250
28 514 982
91 102 445
51 679 557
17 873 976
