46
3 3 6 6 1
0 0 0 0 0
0 1 0 0 0
0 2 255 255 255
1 0 0 0 0
1 1 237 28 36
1 2 237 28 36
2 0 255 255 255
2 1 237 28 36
2 2 237 28 36
0 0 127 127 127
0 1 127 127 127
0 2 127 127 127
0 3 127 127 127
0 4 127 127 127
0 5 127 127 127
1 0 127 127 127
1 1 127 127 127
1 2 127 127 127
1 3 127 127 127
1 4 127 127 127
1 5 127 127 127
2 0 127 127 127
2 1 0 0 0
2 2 0 0 0
2 3 255 255 255
2 4 127 127 127
2 5 127 127 127
3 0 127 127 127
3 1 0 0 0
3 2 237 28 36
3 3 237 28 36
3 4 127 127 127
3 5 127 127 127
4 0 127 127 127
4 1 255 255 255
4 2 237 28 36
4 3 237 28 36
4 4 127 127 127
4 5 127 127 127
5 0 127 127 127
5 1 127 127 127
5 2 127 127 127
5 3 127 127 127
5 4 127 127 127
5 5 127 127 127
