17
4611686018427387915 4611686018427387931
4611686018427387921 4611686018427387923
4611686018427387913 4611686018427387931
4611686018427387923 4611686018427387926
4611686018427387905 4611686018427387923
4611686018427387920 4611686018427387926
4611686018427387915 4611686018427387933
4611686018427387915 4611686018427387935
4611686018427387911 4611686018427387936
4611686018427387906 4611686018427387934
4611686018427387922 4611686018427387932
4611686018427387917 4611686018427387929
4611686018427387906 4611686018427387913
4611686018427387917 4611686018427387929
4611686018427387928 4611686018427387929
4611686018427387914 4611686018427387928
4611686018427387905 4611686018427387928
