row 4611686018427387915 	0 	7 	6 	5 	4 	27 	26 	25 	24 	31 	30 	29 	28 	19 	18 	17 	16 	
row 4611686018427387916 	7 	0 	1 	2 	3 	28 	29 	30 	31 	24 	25 	26 	27 	20 	21 	22 	23 	
row 4611686018427387917 	6 	1 	0 	3 	2 	29 	28 	31 	30 	25 	24 	27 	26 	21 	20 	23 	22 	
row 4611686018427387918 	5 	2 	3 	0 	1 	30 	31 	28 	29 	26 	27 	24 	25 	22 	23 	20 	21 	
row 4611686018427387919 	4 	3 	2 	1 	0 	31 	30 	29 	28 	27 	26 	25 	24 	23 	22 	21 	20 	
row 4611686018427387920 	27 	28 	29 	30 	31 	0 	1 	2 	3 	4 	5 	6 	7 	8 	9 	10 	11 	
row 4611686018427387921 	26 	29 	28 	31 	30 	1 	0 	3 	2 	5 	4 	7 	6 	9 	8 	11 	10 	
row 4611686018427387922 	25 	30 	31 	28 	29 	2 	3 	0 	1 	6 	7 	4 	5 	10 	11 	8 	9 	
row 4611686018427387923 	24 	31 	30 	29 	28 	3 	2 	1 	0 	7 	6 	5 	4 	11 	10 	9 	8 	
row 4611686018427387924 	31 	24 	25 	26 	27 	4 	5 	6 	7 	0 	1 	2 	3 	12 	13 	14 	15 	
row 4611686018427387925 	30 	25 	24 	27 	26 	5 	4 	7 	6 	1 	0 	3 	2 	13 	12 	15 	14 	
row 4611686018427387926 	29 	26 	27 	24 	25 	6 	7 	4 	5 	2 	3 	0 	1 	14 	15 	12 	13 	
row 4611686018427387927 	28 	27 	26 	25 	24 	7 	6 	5 	4 	3 	2 	1 	0 	15 	14 	13 	12 	
row 4611686018427387928 	19 	20 	21 	22 	23 	8 	9 	10 	11 	12 	13 	14 	15 	0 	1 	2 	3 	
row 4611686018427387929 	18 	21 	20 	23 	22 	9 	8 	11 	10 	13 	12 	15 	14 	1 	0 	3 	2 	
row 4611686018427387930 	17 	22 	23 	20 	21 	10 	11 	8 	9 	14 	15 	12 	13 	2 	3 	0 	1 	
row 4611686018427387931 	16 	23 	22 	21 	20 	11 	10 	9 	8 	15 	14 	13 	12 	3 	2 	1 	0 	

row 4611686018427387921 	0 	3 	2 	
row 4611686018427387922 	3 	0 	1 	
row 4611686018427387923 	2 	1 	0 	

row 4611686018427387913 	0 	3 	2 	5 	4 	7 	6 	25 	24 	27 	26 	29 	28 	31 	30 	17 	16 	19 	18 	
row 4611686018427387914 	3 	0 	1 	6 	7 	4 	5 	26 	27 	24 	25 	30 	31 	28 	29 	18 	19 	16 	17 	
row 4611686018427387915 	2 	1 	0 	7 	6 	5 	4 	27 	26 	25 	24 	31 	30 	29 	28 	19 	18 	17 	16 	
row 4611686018427387916 	5 	6 	7 	0 	1 	2 	3 	28 	29 	30 	31 	24 	25 	26 	27 	20 	21 	22 	23 	
row 4611686018427387917 	4 	7 	6 	1 	0 	3 	2 	29 	28 	31 	30 	25 	24 	27 	26 	21 	20 	23 	22 	
row 4611686018427387918 	7 	4 	5 	2 	3 	0 	1 	30 	31 	28 	29 	26 	27 	24 	25 	22 	23 	20 	21 	
row 4611686018427387919 	6 	5 	4 	3 	2 	1 	0 	31 	30 	29 	28 	27 	26 	25 	24 	23 	22 	21 	20 	
row 4611686018427387920 	25 	26 	27 	28 	29 	30 	31 	0 	1 	2 	3 	4 	5 	6 	7 	8 	9 	10 	11 	
row 4611686018427387921 	24 	27 	26 	29 	28 	31 	30 	1 	0 	3 	2 	5 	4 	7 	6 	9 	8 	11 	10 	
row 4611686018427387922 	27 	24 	25 	30 	31 	28 	29 	2 	3 	0 	1 	6 	7 	4 	5 	10 	11 	8 	9 	
row 4611686018427387923 	26 	25 	24 	31 	30 	29 	28 	3 	2 	1 	0 	7 	6 	5 	4 	11 	10 	9 	8 	
row 4611686018427387924 	29 	30 	31 	24 	25 	26 	27 	4 	5 	6 	7 	0 	1 	2 	3 	12 	13 	14 	15 	
row 4611686018427387925 	28 	31 	30 	25 	24 	27 	26 	5 	4 	7 	6 	1 	0 	3 	2 	13 	12 	15 	14 	
row 4611686018427387926 	31 	28 	29 	26 	27 	24 	25 	6 	7 	4 	5 	2 	3 	0 	1 	14 	15 	12 	13 	
row 4611686018427387927 	30 	29 	28 	27 	26 	25 	24 	7 	6 	5 	4 	3 	2 	1 	0 	15 	14 	13 	12 	
row 4611686018427387928 	17 	18 	19 	20 	21 	22 	23 	8 	9 	10 	11 	12 	13 	14 	15 	0 	1 	2 	3 	
row 4611686018427387929 	16 	19 	18 	21 	20 	23 	22 	9 	8 	11 	10 	13 	12 	15 	14 	1 	0 	3 	2 	
row 4611686018427387930 	19 	16 	17 	22 	23 	20 	21 	10 	11 	8 	9 	14 	15 	12 	13 	2 	3 	0 	1 	
row 4611686018427387931 	18 	17 	16 	23 	22 	21 	20 	11 	10 	9 	8 	15 	14 	13 	12 	3 	2 	1 	0 	

row 4611686018427387923 	0 	7 	6 	5 	
row 4611686018427387924 	7 	0 	1 	2 	
row 4611686018427387925 	6 	1 	0 	3 	
row 4611686018427387926 	5 	2 	3 	0 	

row 4611686018427387905 	0 	3 	2 	5 	4 	7 	6 	9 	8 	11 	10 	13 	12 	15 	14 	17 	16 	19 	18 	
row 4611686018427387906 	3 	0 	1 	6 	7 	4 	5 	10 	11 	8 	9 	14 	15 	12 	13 	18 	19 	16 	17 	
row 4611686018427387907 	2 	1 	0 	7 	6 	5 	4 	11 	10 	9 	8 	15 	14 	13 	12 	19 	18 	17 	16 	
row 4611686018427387908 	5 	6 	7 	0 	1 	2 	3 	12 	13 	14 	15 	8 	9 	10 	11 	20 	21 	22 	23 	
row 4611686018427387909 	4 	7 	6 	1 	0 	3 	2 	13 	12 	15 	14 	9 	8 	11 	10 	21 	20 	23 	22 	
row 4611686018427387910 	7 	4 	5 	2 	3 	0 	1 	14 	15 	12 	13 	10 	11 	8 	9 	22 	23 	20 	21 	
row 4611686018427387911 	6 	5 	4 	3 	2 	1 	0 	15 	14 	13 	12 	11 	10 	9 	8 	23 	22 	21 	20 	
row 4611686018427387912 	9 	10 	11 	12 	13 	14 	15 	0 	1 	2 	3 	4 	5 	6 	7 	24 	25 	26 	27 	
row 4611686018427387913 	8 	11 	10 	13 	12 	15 	14 	1 	0 	3 	2 	5 	4 	7 	6 	25 	24 	27 	26 	
row 4611686018427387914 	11 	8 	9 	14 	15 	12 	13 	2 	3 	0 	1 	6 	7 	4 	5 	26 	27 	24 	25 	
row 4611686018427387915 	10 	9 	8 	15 	14 	13 	12 	3 	2 	1 	0 	7 	6 	5 	4 	27 	26 	25 	24 	
row 4611686018427387916 	13 	14 	15 	8 	9 	10 	11 	4 	5 	6 	7 	0 	1 	2 	3 	28 	29 	30 	31 	
row 4611686018427387917 	12 	15 	14 	9 	8 	11 	10 	5 	4 	7 	6 	1 	0 	3 	2 	29 	28 	31 	30 	
row 4611686018427387918 	15 	12 	13 	10 	11 	8 	9 	6 	7 	4 	5 	2 	3 	0 	1 	30 	31 	28 	29 	
row 4611686018427387919 	14 	13 	12 	11 	10 	9 	8 	7 	6 	5 	4 	3 	2 	1 	0 	31 	30 	29 	28 	
row 4611686018427387920 	17 	18 	19 	20 	21 	22 	23 	24 	25 	26 	27 	28 	29 	30 	31 	0 	1 	2 	3 	
row 4611686018427387921 	16 	19 	18 	21 	20 	23 	22 	25 	24 	27 	26 	29 	28 	31 	30 	1 	0 	3 	2 	
row 4611686018427387922 	19 	16 	17 	22 	23 	20 	21 	26 	27 	24 	25 	30 	31 	28 	29 	2 	3 	0 	1 	
row 4611686018427387923 	18 	17 	16 	23 	22 	21 	20 	27 	26 	25 	24 	31 	30 	29 	28 	3 	2 	1 	0 	

row 4611686018427387920 	0 	1 	2 	3 	4 	5 	6 	
row 4611686018427387921 	1 	0 	3 	2 	5 	4 	7 	
row 4611686018427387922 	2 	3 	0 	1 	6 	7 	4 	
row 4611686018427387923 	3 	2 	1 	0 	7 	6 	5 	
row 4611686018427387924 	4 	5 	6 	7 	0 	1 	2 	
row 4611686018427387925 	5 	4 	7 	6 	1 	0 	3 	
row 4611686018427387926 	6 	7 	4 	5 	2 	3 	0 	

row 4611686018427387915 	0 	7 	6 	5 	4 	27 	26 	25 	24 	31 	30 	29 	28 	19 	18 	17 	16 	23 	22 	
row 4611686018427387916 	7 	0 	1 	2 	3 	28 	29 	30 	31 	24 	25 	26 	27 	20 	21 	22 	23 	16 	17 	
row 4611686018427387917 	6 	1 	0 	3 	2 	29 	28 	31 	30 	25 	24 	27 	26 	21 	20 	23 	22 	17 	16 	
row 4611686018427387918 	5 	2 	3 	0 	1 	30 	31 	28 	29 	26 	27 	24 	25 	22 	23 	20 	21 	18 	19 	
row 4611686018427387919 	4 	3 	2 	1 	0 	31 	30 	29 	28 	27 	26 	25 	24 	23 	22 	21 	20 	19 	18 	
row 4611686018427387920 	27 	28 	29 	30 	31 	0 	1 	2 	3 	4 	5 	6 	7 	8 	9 	10 	11 	12 	13 	
row 4611686018427387921 	26 	29 	28 	31 	30 	1 	0 	3 	2 	5 	4 	7 	6 	9 	8 	11 	10 	13 	12 	
row 4611686018427387922 	25 	30 	31 	28 	29 	2 	3 	0 	1 	6 	7 	4 	5 	10 	11 	8 	9 	14 	15 	
row 4611686018427387923 	24 	31 	30 	29 	28 	3 	2 	1 	0 	7 	6 	5 	4 	11 	10 	9 	8 	15 	14 	
row 4611686018427387924 	31 	24 	25 	26 	27 	4 	5 	6 	7 	0 	1 	2 	3 	12 	13 	14 	15 	8 	9 	
row 4611686018427387925 	30 	25 	24 	27 	26 	5 	4 	7 	6 	1 	0 	3 	2 	13 	12 	15 	14 	9 	8 	
row 4611686018427387926 	29 	26 	27 	24 	25 	6 	7 	4 	5 	2 	3 	0 	1 	14 	15 	12 	13 	10 	11 	
row 4611686018427387927 	28 	27 	26 	25 	24 	7 	6 	5 	4 	3 	2 	1 	0 	15 	14 	13 	12 	11 	10 	
row 4611686018427387928 	19 	20 	21 	22 	23 	8 	9 	10 	11 	12 	13 	14 	15 	0 	1 	2 	3 	4 	5 	
row 4611686018427387929 	18 	21 	20 	23 	22 	9 	8 	11 	10 	13 	12 	15 	14 	1 	0 	3 	2 	5 	4 	
row 4611686018427387930 	17 	22 	23 	20 	21 	10 	11 	8 	9 	14 	15 	12 	13 	2 	3 	0 	1 	6 	7 	
row 4611686018427387931 	16 	23 	22 	21 	20 	11 	10 	9 	8 	15 	14 	13 	12 	3 	2 	1 	0 	7 	6 	
row 4611686018427387932 	23 	16 	17 	18 	19 	12 	13 	14 	15 	8 	9 	10 	11 	4 	5 	6 	7 	0 	1 	
row 4611686018427387933 	22 	17 	16 	19 	18 	13 	12 	15 	14 	9 	8 	11 	10 	5 	4 	7 	6 	1 	0 	

row 4611686018427387915 	0 	7 	6 	5 	4 	27 	26 	25 	24 	31 	30 	29 	28 	19 	18 	17 	16 	23 	22 	21 	20 	
row 4611686018427387916 	7 	0 	1 	2 	3 	28 	29 	30 	31 	24 	25 	26 	27 	20 	21 	22 	23 	16 	17 	18 	19 	
row 4611686018427387917 	6 	1 	0 	3 	2 	29 	28 	31 	30 	25 	24 	27 	26 	21 	20 	23 	22 	17 	16 	19 	18 	
row 4611686018427387918 	5 	2 	3 	0 	1 	30 	31 	28 	29 	26 	27 	24 	25 	22 	23 	20 	21 	18 	19 	16 	17 	
row 4611686018427387919 	4 	3 	2 	1 	0 	31 	30 	29 	28 	27 	26 	25 	24 	23 	22 	21 	20 	19 	18 	17 	16 	
row 4611686018427387920 	27 	28 	29 	30 	31 	0 	1 	2 	3 	4 	5 	6 	7 	8 	9 	10 	11 	12 	13 	14 	15 	
row 4611686018427387921 	26 	29 	28 	31 	30 	1 	0 	3 	2 	5 	4 	7 	6 	9 	8 	11 	10 	13 	12 	15 	14 	
row 4611686018427387922 	25 	30 	31 	28 	29 	2 	3 	0 	1 	6 	7 	4 	5 	10 	11 	8 	9 	14 	15 	12 	13 	
row 4611686018427387923 	24 	31 	30 	29 	28 	3 	2 	1 	0 	7 	6 	5 	4 	11 	10 	9 	8 	15 	14 	13 	12 	
row 4611686018427387924 	31 	24 	25 	26 	27 	4 	5 	6 	7 	0 	1 	2 	3 	12 	13 	14 	15 	8 	9 	10 	11 	
row 4611686018427387925 	30 	25 	24 	27 	26 	5 	4 	7 	6 	1 	0 	3 	2 	13 	12 	15 	14 	9 	8 	11 	10 	
row 4611686018427387926 	29 	26 	27 	24 	25 	6 	7 	4 	5 	2 	3 	0 	1 	14 	15 	12 	13 	10 	11 	8 	9 	
row 4611686018427387927 	28 	27 	26 	25 	24 	7 	6 	5 	4 	3 	2 	1 	0 	15 	14 	13 	12 	11 	10 	9 	8 	
row 4611686018427387928 	19 	20 	21 	22 	23 	8 	9 	10 	11 	12 	13 	14 	15 	0 	1 	2 	3 	4 	5 	6 	7 	
row 4611686018427387929 	18 	21 	20 	23 	22 	9 	8 	11 	10 	13 	12 	15 	14 	1 	0 	3 	2 	5 	4 	7 	6 	
row 4611686018427387930 	17 	22 	23 	20 	21 	10 	11 	8 	9 	14 	15 	12 	13 	2 	3 	0 	1 	6 	7 	4 	5 	
row 4611686018427387931 	16 	23 	22 	21 	20 	11 	10 	9 	8 	15 	14 	13 	12 	3 	2 	1 	0 	7 	6 	5 	4 	
row 4611686018427387932 	23 	16 	17 	18 	19 	12 	13 	14 	15 	8 	9 	10 	11 	4 	5 	6 	7 	0 	1 	2 	3 	
row 4611686018427387933 	22 	17 	16 	19 	18 	13 	12 	15 	14 	9 	8 	11 	10 	5 	4 	7 	6 	1 	0 	3 	2 	
row 4611686018427387934 	21 	18 	19 	16 	17 	14 	15 	12 	13 	10 	11 	8 	9 	6 	7 	4 	5 	2 	3 	0 	1 	
row 4611686018427387935 	20 	19 	18 	17 	16 	15 	14 	13 	12 	11 	10 	9 	8 	7 	6 	5 	4 	3 	2 	1 	0 	

row 4611686018427387911 	0 	15 	14 	13 	12 	11 	10 	9 	8 	23 	22 	21 	20 	19 	18 	17 	16 	31 	30 	29 	28 	27 	26 	25 	24 	39 	
row 4611686018427387912 	15 	0 	1 	2 	3 	4 	5 	6 	7 	24 	25 	26 	27 	28 	29 	30 	31 	16 	17 	18 	19 	20 	21 	22 	23 	40 	
row 4611686018427387913 	14 	1 	0 	3 	2 	5 	4 	7 	6 	25 	24 	27 	26 	29 	28 	31 	30 	17 	16 	19 	18 	21 	20 	23 	22 	41 	
row 4611686018427387914 	13 	2 	3 	0 	1 	6 	7 	4 	5 	26 	27 	24 	25 	30 	31 	28 	29 	18 	19 	16 	17 	22 	23 	20 	21 	42 	
row 4611686018427387915 	12 	3 	2 	1 	0 	7 	6 	5 	4 	27 	26 	25 	24 	31 	30 	29 	28 	19 	18 	17 	16 	23 	22 	21 	20 	43 	
row 4611686018427387916 	11 	4 	5 	6 	7 	0 	1 	2 	3 	28 	29 	30 	31 	24 	25 	26 	27 	20 	21 	22 	23 	16 	17 	18 	19 	44 	
row 4611686018427387917 	10 	5 	4 	7 	6 	1 	0 	3 	2 	29 	28 	31 	30 	25 	24 	27 	26 	21 	20 	23 	22 	17 	16 	19 	18 	45 	
row 4611686018427387918 	9 	6 	7 	4 	5 	2 	3 	0 	1 	30 	31 	28 	29 	26 	27 	24 	25 	22 	23 	20 	21 	18 	19 	16 	17 	46 	
row 4611686018427387919 	8 	7 	6 	5 	4 	3 	2 	1 	0 	31 	30 	29 	28 	27 	26 	25 	24 	23 	22 	21 	20 	19 	18 	17 	16 	47 	
row 4611686018427387920 	23 	24 	25 	26 	27 	28 	29 	30 	31 	0 	1 	2 	3 	4 	5 	6 	7 	8 	9 	10 	11 	12 	13 	14 	15 	48 	
row 4611686018427387921 	22 	25 	24 	27 	26 	29 	28 	31 	30 	1 	0 	3 	2 	5 	4 	7 	6 	9 	8 	11 	10 	13 	12 	15 	14 	49 	
row 4611686018427387922 	21 	26 	27 	24 	25 	30 	31 	28 	29 	2 	3 	0 	1 	6 	7 	4 	5 	10 	11 	8 	9 	14 	15 	12 	13 	50 	
row 4611686018427387923 	20 	27 	26 	25 	24 	31 	30 	29 	28 	3 	2 	1 	0 	7 	6 	5 	4 	11 	10 	9 	8 	15 	14 	13 	12 	51 	
row 4611686018427387924 	19 	28 	29 	30 	31 	24 	25 	26 	27 	4 	5 	6 	7 	0 	1 	2 	3 	12 	13 	14 	15 	8 	9 	10 	11 	52 	
row 4611686018427387925 	18 	29 	28 	31 	30 	25 	24 	27 	26 	5 	4 	7 	6 	1 	0 	3 	2 	13 	12 	15 	14 	9 	8 	11 	10 	53 	
row 4611686018427387926 	17 	30 	31 	28 	29 	26 	27 	24 	25 	6 	7 	4 	5 	2 	3 	0 	1 	14 	15 	12 	13 	10 	11 	8 	9 	54 	
row 4611686018427387927 	16 	31 	30 	29 	28 	27 	26 	25 	24 	7 	6 	5 	4 	3 	2 	1 	0 	15 	14 	13 	12 	11 	10 	9 	8 	55 	
row 4611686018427387928 	31 	16 	17 	18 	19 	20 	21 	22 	23 	8 	9 	10 	11 	12 	13 	14 	15 	0 	1 	2 	3 	4 	5 	6 	7 	56 	
row 4611686018427387929 	30 	17 	16 	19 	18 	21 	20 	23 	22 	9 	8 	11 	10 	13 	12 	15 	14 	1 	0 	3 	2 	5 	4 	7 	6 	57 	
row 4611686018427387930 	29 	18 	19 	16 	17 	22 	23 	20 	21 	10 	11 	8 	9 	14 	15 	12 	13 	2 	3 	0 	1 	6 	7 	4 	5 	58 	
row 4611686018427387931 	28 	19 	18 	17 	16 	23 	22 	21 	20 	11 	10 	9 	8 	15 	14 	13 	12 	3 	2 	1 	0 	7 	6 	5 	4 	59 	
row 4611686018427387932 	27 	20 	21 	22 	23 	16 	17 	18 	19 	12 	13 	14 	15 	8 	9 	10 	11 	4 	5 	6 	7 	0 	1 	2 	3 	60 	
row 4611686018427387933 	26 	21 	20 	23 	22 	17 	16 	19 	18 	13 	12 	15 	14 	9 	8 	11 	10 	5 	4 	7 	6 	1 	0 	3 	2 	61 	
row 4611686018427387934 	25 	22 	23 	20 	21 	18 	19 	16 	17 	14 	15 	12 	13 	10 	11 	8 	9 	6 	7 	4 	5 	2 	3 	0 	1 	62 	
row 4611686018427387935 	24 	23 	22 	21 	20 	19 	18 	17 	16 	15 	14 	13 	12 	11 	10 	9 	8 	7 	6 	5 	4 	3 	2 	1 	0 	63 	
row 4611686018427387936 	39 	40 	41 	42 	43 	44 	45 	46 	47 	48 	49 	50 	51 	52 	53 	54 	55 	56 	57 	58 	59 	60 	61 	62 	63 	0 	

row 4611686018427387906 	0 	1 	6 	7 	4 	5 	10 	11 	8 	9 	14 	15 	12 	13 	18 	19 	16 	17 	22 	23 	20 	21 	26 	27 	24 	25 	30 	31 	28 	
row 4611686018427387907 	1 	0 	7 	6 	5 	4 	11 	10 	9 	8 	15 	14 	13 	12 	19 	18 	17 	16 	23 	22 	21 	20 	27 	26 	25 	24 	31 	30 	29 	
row 4611686018427387908 	6 	7 	0 	1 	2 	3 	12 	13 	14 	15 	8 	9 	10 	11 	20 	21 	22 	23 	16 	17 	18 	19 	28 	29 	30 	31 	24 	25 	26 	
row 4611686018427387909 	7 	6 	1 	0 	3 	2 	13 	12 	15 	14 	9 	8 	11 	10 	21 	20 	23 	22 	17 	16 	19 	18 	29 	28 	31 	30 	25 	24 	27 	
row 4611686018427387910 	4 	5 	2 	3 	0 	1 	14 	15 	12 	13 	10 	11 	8 	9 	22 	23 	20 	21 	18 	19 	16 	17 	30 	31 	28 	29 	26 	27 	24 	
row 4611686018427387911 	5 	4 	3 	2 	1 	0 	15 	14 	13 	12 	11 	10 	9 	8 	23 	22 	21 	20 	19 	18 	17 	16 	31 	30 	29 	28 	27 	26 	25 	
row 4611686018427387912 	10 	11 	12 	13 	14 	15 	0 	1 	2 	3 	4 	5 	6 	7 	24 	25 	26 	27 	28 	29 	30 	31 	16 	17 	18 	19 	20 	21 	22 	
row 4611686018427387913 	11 	10 	13 	12 	15 	14 	1 	0 	3 	2 	5 	4 	7 	6 	25 	24 	27 	26 	29 	28 	31 	30 	17 	16 	19 	18 	21 	20 	23 	
row 4611686018427387914 	8 	9 	14 	15 	12 	13 	2 	3 	0 	1 	6 	7 	4 	5 	26 	27 	24 	25 	30 	31 	28 	29 	18 	19 	16 	17 	22 	23 	20 	
row 4611686018427387915 	9 	8 	15 	14 	13 	12 	3 	2 	1 	0 	7 	6 	5 	4 	27 	26 	25 	24 	31 	30 	29 	28 	19 	18 	17 	16 	23 	22 	21 	
row 4611686018427387916 	14 	15 	8 	9 	10 	11 	4 	5 	6 	7 	0 	1 	2 	3 	28 	29 	30 	31 	24 	25 	26 	27 	20 	21 	22 	23 	16 	17 	18 	
row 4611686018427387917 	15 	14 	9 	8 	11 	10 	5 	4 	7 	6 	1 	0 	3 	2 	29 	28 	31 	30 	25 	24 	27 	26 	21 	20 	23 	22 	17 	16 	19 	
row 4611686018427387918 	12 	13 	10 	11 	8 	9 	6 	7 	4 	5 	2 	3 	0 	1 	30 	31 	28 	29 	26 	27 	24 	25 	22 	23 	20 	21 	18 	19 	16 	
row 4611686018427387919 	13 	12 	11 	10 	9 	8 	7 	6 	5 	4 	3 	2 	1 	0 	31 	30 	29 	28 	27 	26 	25 	24 	23 	22 	21 	20 	19 	18 	17 	
row 4611686018427387920 	18 	19 	20 	21 	22 	23 	24 	25 	26 	27 	28 	29 	30 	31 	0 	1 	2 	3 	4 	5 	6 	7 	8 	9 	10 	11 	12 	13 	14 	
row 4611686018427387921 	19 	18 	21 	20 	23 	22 	25 	24 	27 	26 	29 	28 	31 	30 	1 	0 	3 	2 	5 	4 	7 	6 	9 	8 	11 	10 	13 	12 	15 	
row 4611686018427387922 	16 	17 	22 	23 	20 	21 	26 	27 	24 	25 	30 	31 	28 	29 	2 	3 	0 	1 	6 	7 	4 	5 	10 	11 	8 	9 	14 	15 	12 	
row 4611686018427387923 	17 	16 	23 	22 	21 	20 	27 	26 	25 	24 	31 	30 	29 	28 	3 	2 	1 	0 	7 	6 	5 	4 	11 	10 	9 	8 	15 	14 	13 	
row 4611686018427387924 	22 	23 	16 	17 	18 	19 	28 	29 	30 	31 	24 	25 	26 	27 	4 	5 	6 	7 	0 	1 	2 	3 	12 	13 	14 	15 	8 	9 	10 	
row 4611686018427387925 	23 	22 	17 	16 	19 	18 	29 	28 	31 	30 	25 	24 	27 	26 	5 	4 	7 	6 	1 	0 	3 	2 	13 	12 	15 	14 	9 	8 	11 	
row 4611686018427387926 	20 	21 	18 	19 	16 	17 	30 	31 	28 	29 	26 	27 	24 	25 	6 	7 	4 	5 	2 	3 	0 	1 	14 	15 	12 	13 	10 	11 	8 	
row 4611686018427387927 	21 	20 	19 	18 	17 	16 	31 	30 	29 	28 	27 	26 	25 	24 	7 	6 	5 	4 	3 	2 	1 	0 	15 	14 	13 	12 	11 	10 	9 	
row 4611686018427387928 	26 	27 	28 	29 	30 	31 	16 	17 	18 	19 	20 	21 	22 	23 	8 	9 	10 	11 	12 	13 	14 	15 	0 	1 	2 	3 	4 	5 	6 	
row 4611686018427387929 	27 	26 	29 	28 	31 	30 	17 	16 	19 	18 	21 	20 	23 	22 	9 	8 	11 	10 	13 	12 	15 	14 	1 	0 	3 	2 	5 	4 	7 	
row 4611686018427387930 	24 	25 	30 	31 	28 	29 	18 	19 	16 	17 	22 	23 	20 	21 	10 	11 	8 	9 	14 	15 	12 	13 	2 	3 	0 	1 	6 	7 	4 	
row 4611686018427387931 	25 	24 	31 	30 	29 	28 	19 	18 	17 	16 	23 	22 	21 	20 	11 	10 	9 	8 	15 	14 	13 	12 	3 	2 	1 	0 	7 	6 	5 	
row 4611686018427387932 	30 	31 	24 	25 	26 	27 	20 	21 	22 	23 	16 	17 	18 	19 	12 	13 	14 	15 	8 	9 	10 	11 	4 	5 	6 	7 	0 	1 	2 	
row 4611686018427387933 	31 	30 	25 	24 	27 	26 	21 	20 	23 	22 	17 	16 	19 	18 	13 	12 	15 	14 	9 	8 	11 	10 	5 	4 	7 	6 	1 	0 	3 	
row 4611686018427387934 	28 	29 	26 	27 	24 	25 	22 	23 	20 	21 	18 	19 	16 	17 	14 	15 	12 	13 	10 	11 	8 	9 	6 	7 	4 	5 	2 	3 	0 	

row 4611686018427387922 	0 	1 	6 	7 	4 	5 	10 	11 	8 	9 	14 	
row 4611686018427387923 	1 	0 	7 	6 	5 	4 	11 	10 	9 	8 	15 	
row 4611686018427387924 	6 	7 	0 	1 	2 	3 	12 	13 	14 	15 	8 	
row 4611686018427387925 	7 	6 	1 	0 	3 	2 	13 	12 	15 	14 	9 	
row 4611686018427387926 	4 	5 	2 	3 	0 	1 	14 	15 	12 	13 	10 	
row 4611686018427387927 	5 	4 	3 	2 	1 	0 	15 	14 	13 	12 	11 	
row 4611686018427387928 	10 	11 	12 	13 	14 	15 	0 	1 	2 	3 	4 	
row 4611686018427387929 	11 	10 	13 	12 	15 	14 	1 	0 	3 	2 	5 	
row 4611686018427387930 	8 	9 	14 	15 	12 	13 	2 	3 	0 	1 	6 	
row 4611686018427387931 	9 	8 	15 	14 	13 	12 	3 	2 	1 	0 	7 	
row 4611686018427387932 	14 	15 	8 	9 	10 	11 	4 	5 	6 	7 	0 	

row 4611686018427387917 	0 	3 	2 	29 	28 	31 	30 	25 	24 	27 	26 	21 	20 	
row 4611686018427387918 	3 	0 	1 	30 	31 	28 	29 	26 	27 	24 	25 	22 	23 	
row 4611686018427387919 	2 	1 	0 	31 	30 	29 	28 	27 	26 	25 	24 	23 	22 	
row 4611686018427387920 	29 	30 	31 	0 	1 	2 	3 	4 	5 	6 	7 	8 	9 	
row 4611686018427387921 	28 	31 	30 	1 	0 	3 	2 	5 	4 	7 	6 	9 	8 	
row 4611686018427387922 	31 	28 	29 	2 	3 	0 	1 	6 	7 	4 	5 	10 	11 	
row 4611686018427387923 	30 	29 	28 	3 	2 	1 	0 	7 	6 	5 	4 	11 	10 	
row 4611686018427387924 	25 	26 	27 	4 	5 	6 	7 	0 	1 	2 	3 	12 	13 	
row 4611686018427387925 	24 	27 	26 	5 	4 	7 	6 	1 	0 	3 	2 	13 	12 	
row 4611686018427387926 	27 	24 	25 	6 	7 	4 	5 	2 	3 	0 	1 	14 	15 	
row 4611686018427387927 	26 	25 	24 	7 	6 	5 	4 	3 	2 	1 	0 	15 	14 	
row 4611686018427387928 	21 	22 	23 	8 	9 	10 	11 	12 	13 	14 	15 	0 	1 	
row 4611686018427387929 	20 	23 	22 	9 	8 	11 	10 	13 	12 	15 	14 	1 	0 	

row 4611686018427387906 	0 	1 	6 	7 	4 	5 	10 	11 	
row 4611686018427387907 	1 	0 	7 	6 	5 	4 	11 	10 	
row 4611686018427387908 	6 	7 	0 	1 	2 	3 	12 	13 	
row 4611686018427387909 	7 	6 	1 	0 	3 	2 	13 	12 	
row 4611686018427387910 	4 	5 	2 	3 	0 	1 	14 	15 	
row 4611686018427387911 	5 	4 	3 	2 	1 	0 	15 	14 	
row 4611686018427387912 	10 	11 	12 	13 	14 	15 	0 	1 	
row 4611686018427387913 	11 	10 	13 	12 	15 	14 	1 	0 	

row 4611686018427387917 	0 	3 	2 	29 	28 	31 	30 	25 	24 	27 	26 	21 	20 	
row 4611686018427387918 	3 	0 	1 	30 	31 	28 	29 	26 	27 	24 	25 	22 	23 	
row 4611686018427387919 	2 	1 	0 	31 	30 	29 	28 	27 	26 	25 	24 	23 	22 	
row 4611686018427387920 	29 	30 	31 	0 	1 	2 	3 	4 	5 	6 	7 	8 	9 	
row 4611686018427387921 	28 	31 	30 	1 	0 	3 	2 	5 	4 	7 	6 	9 	8 	
row 4611686018427387922 	31 	28 	29 	2 	3 	0 	1 	6 	7 	4 	5 	10 	11 	
row 4611686018427387923 	30 	29 	28 	3 	2 	1 	0 	7 	6 	5 	4 	11 	10 	
row 4611686018427387924 	25 	26 	27 	4 	5 	6 	7 	0 	1 	2 	3 	12 	13 	
row 4611686018427387925 	24 	27 	26 	5 	4 	7 	6 	1 	0 	3 	2 	13 	12 	
row 4611686018427387926 	27 	24 	25 	6 	7 	4 	5 	2 	3 	0 	1 	14 	15 	
row 4611686018427387927 	26 	25 	24 	7 	6 	5 	4 	3 	2 	1 	0 	15 	14 	
row 4611686018427387928 	21 	22 	23 	8 	9 	10 	11 	12 	13 	14 	15 	0 	1 	
row 4611686018427387929 	20 	23 	22 	9 	8 	11 	10 	13 	12 	15 	14 	1 	0 	

row 4611686018427387928 	0 	1 	
row 4611686018427387929 	1 	0 	

row 4611686018427387914 	0 	1 	6 	7 	4 	5 	26 	27 	24 	25 	30 	31 	28 	29 	18 	
row 4611686018427387915 	1 	0 	7 	6 	5 	4 	27 	26 	25 	24 	31 	30 	29 	28 	19 	
row 4611686018427387916 	6 	7 	0 	1 	2 	3 	28 	29 	30 	31 	24 	25 	26 	27 	20 	
row 4611686018427387917 	7 	6 	1 	0 	3 	2 	29 	28 	31 	30 	25 	24 	27 	26 	21 	
row 4611686018427387918 	4 	5 	2 	3 	0 	1 	30 	31 	28 	29 	26 	27 	24 	25 	22 	
row 4611686018427387919 	5 	4 	3 	2 	1 	0 	31 	30 	29 	28 	27 	26 	25 	24 	23 	
row 4611686018427387920 	26 	27 	28 	29 	30 	31 	0 	1 	2 	3 	4 	5 	6 	7 	8 	
row 4611686018427387921 	27 	26 	29 	28 	31 	30 	1 	0 	3 	2 	5 	4 	7 	6 	9 	
row 4611686018427387922 	24 	25 	30 	31 	28 	29 	2 	3 	0 	1 	6 	7 	4 	5 	10 	
row 4611686018427387923 	25 	24 	31 	30 	29 	28 	3 	2 	1 	0 	7 	6 	5 	4 	11 	
row 4611686018427387924 	30 	31 	24 	25 	26 	27 	4 	5 	6 	7 	0 	1 	2 	3 	12 	
row 4611686018427387925 	31 	30 	25 	24 	27 	26 	5 	4 	7 	6 	1 	0 	3 	2 	13 	
row 4611686018427387926 	28 	29 	26 	27 	24 	25 	6 	7 	4 	5 	2 	3 	0 	1 	14 	
row 4611686018427387927 	29 	28 	27 	26 	25 	24 	7 	6 	5 	4 	3 	2 	1 	0 	15 	
row 4611686018427387928 	18 	19 	20 	21 	22 	23 	8 	9 	10 	11 	12 	13 	14 	15 	0 	

row 4611686018427387905 	0 	3 	2 	5 	4 	7 	6 	9 	8 	11 	10 	13 	12 	15 	14 	17 	16 	19 	18 	21 	20 	23 	22 	25 	
row 4611686018427387906 	3 	0 	1 	6 	7 	4 	5 	10 	11 	8 	9 	14 	15 	12 	13 	18 	19 	16 	17 	22 	23 	20 	21 	26 	
row 4611686018427387907 	2 	1 	0 	7 	6 	5 	4 	11 	10 	9 	8 	15 	14 	13 	12 	19 	18 	17 	16 	23 	22 	21 	20 	27 	
row 4611686018427387908 	5 	6 	7 	0 	1 	2 	3 	12 	13 	14 	15 	8 	9 	10 	11 	20 	21 	22 	23 	16 	17 	18 	19 	28 	
row 4611686018427387909 	4 	7 	6 	1 	0 	3 	2 	13 	12 	15 	14 	9 	8 	11 	10 	21 	20 	23 	22 	17 	16 	19 	18 	29 	
row 4611686018427387910 	7 	4 	5 	2 	3 	0 	1 	14 	15 	12 	13 	10 	11 	8 	9 	22 	23 	20 	21 	18 	19 	16 	17 	30 	
row 4611686018427387911 	6 	5 	4 	3 	2 	1 	0 	15 	14 	13 	12 	11 	10 	9 	8 	23 	22 	21 	20 	19 	18 	17 	16 	31 	
row 4611686018427387912 	9 	10 	11 	12 	13 	14 	15 	0 	1 	2 	3 	4 	5 	6 	7 	24 	25 	26 	27 	28 	29 	30 	31 	16 	
row 4611686018427387913 	8 	11 	10 	13 	12 	15 	14 	1 	0 	3 	2 	5 	4 	7 	6 	25 	24 	27 	26 	29 	28 	31 	30 	17 	
row 4611686018427387914 	11 	8 	9 	14 	15 	12 	13 	2 	3 	0 	1 	6 	7 	4 	5 	26 	27 	24 	25 	30 	31 	28 	29 	18 	
row 4611686018427387915 	10 	9 	8 	15 	14 	13 	12 	3 	2 	1 	0 	7 	6 	5 	4 	27 	26 	25 	24 	31 	30 	29 	28 	19 	
row 4611686018427387916 	13 	14 	15 	8 	9 	10 	11 	4 	5 	6 	7 	0 	1 	2 	3 	28 	29 	30 	31 	24 	25 	26 	27 	20 	
row 4611686018427387917 	12 	15 	14 	9 	8 	11 	10 	5 	4 	7 	6 	1 	0 	3 	2 	29 	28 	31 	30 	25 	24 	27 	26 	21 	
row 4611686018427387918 	15 	12 	13 	10 	11 	8 	9 	6 	7 	4 	5 	2 	3 	0 	1 	30 	31 	28 	29 	26 	27 	24 	25 	22 	
row 4611686018427387919 	14 	13 	12 	11 	10 	9 	8 	7 	6 	5 	4 	3 	2 	1 	0 	31 	30 	29 	28 	27 	26 	25 	24 	23 	
row 4611686018427387920 	17 	18 	19 	20 	21 	22 	23 	24 	25 	26 	27 	28 	29 	30 	31 	0 	1 	2 	3 	4 	5 	6 	7 	8 	
row 4611686018427387921 	16 	19 	18 	21 	20 	23 	22 	25 	24 	27 	26 	29 	28 	31 	30 	1 	0 	3 	2 	5 	4 	7 	6 	9 	
row 4611686018427387922 	19 	16 	17 	22 	23 	20 	21 	26 	27 	24 	25 	30 	31 	28 	29 	2 	3 	0 	1 	6 	7 	4 	5 	10 	
row 4611686018427387923 	18 	17 	16 	23 	22 	21 	20 	27 	26 	25 	24 	31 	30 	29 	28 	3 	2 	1 	0 	7 	6 	5 	4 	11 	
row 4611686018427387924 	21 	22 	23 	16 	17 	18 	19 	28 	29 	30 	31 	24 	25 	26 	27 	4 	5 	6 	7 	0 	1 	2 	3 	12 	
row 4611686018427387925 	20 	23 	22 	17 	16 	19 	18 	29 	28 	31 	30 	25 	24 	27 	26 	5 	4 	7 	6 	1 	0 	3 	2 	13 	
row 4611686018427387926 	23 	20 	21 	18 	19 	16 	17 	30 	31 	28 	29 	26 	27 	24 	25 	6 	7 	4 	5 	2 	3 	0 	1 	14 	
row 4611686018427387927 	22 	21 	20 	19 	18 	17 	16 	31 	30 	29 	28 	27 	26 	25 	24 	7 	6 	5 	4 	3 	2 	1 	0 	15 	
row 4611686018427387928 	25 	26 	27 	28 	29 	30 	31 	16 	17 	18 	19 	20 	21 	22 	23 	8 	9 	10 	11 	12 	13 	14 	15 	0 	

row 4611686018427387909 	0 	3 	2 	13 	12 	15 	14 	9 	8 	11 	10 	21 	20 	23 	22 	17 	16 	19 	18 	29 	28 	31 	30 	25 	
row 4611686018427387910 	3 	0 	1 	14 	15 	12 	13 	10 	11 	8 	9 	22 	23 	20 	21 	18 	19 	16 	17 	30 	31 	28 	29 	26 	
row 4611686018427387911 	2 	1 	0 	15 	14 	13 	12 	11 	10 	9 	8 	23 	22 	21 	20 	19 	18 	17 	16 	31 	30 	29 	28 	27 	
row 4611686018427387912 	13 	14 	15 	0 	1 	2 	3 	4 	5 	6 	7 	24 	25 	26 	27 	28 	29 	30 	31 	16 	17 	18 	19 	20 	
row 4611686018427387913 	12 	15 	14 	1 	0 	3 	2 	5 	4 	7 	6 	25 	24 	27 	26 	29 	28 	31 	30 	17 	16 	19 	18 	21 	
row 4611686018427387914 	15 	12 	13 	2 	3 	0 	1 	6 	7 	4 	5 	26 	27 	24 	25 	30 	31 	28 	29 	18 	19 	16 	17 	22 	
row 4611686018427387915 	14 	13 	12 	3 	2 	1 	0 	7 	6 	5 	4 	27 	26 	25 	24 	31 	30 	29 	28 	19 	18 	17 	16 	23 	
row 4611686018427387916 	9 	10 	11 	4 	5 	6 	7 	0 	1 	2 	3 	28 	29 	30 	31 	24 	25 	26 	27 	20 	21 	22 	23 	16 	
row 4611686018427387917 	8 	11 	10 	5 	4 	7 	6 	1 	0 	3 	2 	29 	28 	31 	30 	25 	24 	27 	26 	21 	20 	23 	22 	17 	
row 4611686018427387918 	11 	8 	9 	6 	7 	4 	5 	2 	3 	0 	1 	30 	31 	28 	29 	26 	27 	24 	25 	22 	23 	20 	21 	18 	
row 4611686018427387919 	10 	9 	8 	7 	6 	5 	4 	3 	2 	1 	0 	31 	30 	29 	28 	27 	26 	25 	24 	23 	22 	21 	20 	19 	
row 4611686018427387920 	21 	22 	23 	24 	25 	26 	27 	28 	29 	30 	31 	0 	1 	2 	3 	4 	5 	6 	7 	8 	9 	10 	11 	12 	
row 4611686018427387921 	20 	23 	22 	25 	24 	27 	26 	29 	28 	31 	30 	1 	0 	3 	2 	5 	4 	7 	6 	9 	8 	11 	10 	13 	
row 4611686018427387922 	23 	20 	21 	26 	27 	24 	25 	30 	31 	28 	29 	2 	3 	0 	1 	6 	7 	4 	5 	10 	11 	8 	9 	14 	
row 4611686018427387923 	22 	21 	20 	27 	26 	25 	24 	31 	30 	29 	28 	3 	2 	1 	0 	7 	6 	5 	4 	11 	10 	9 	8 	15 	
row 4611686018427387924 	17 	18 	19 	28 	29 	30 	31 	24 	25 	26 	27 	4 	5 	6 	7 	0 	1 	2 	3 	12 	13 	14 	15 	8 	
row 4611686018427387925 	16 	19 	18 	29 	28 	31 	30 	25 	24 	27 	26 	5 	4 	7 	6 	1 	0 	3 	2 	13 	12 	15 	14 	9 	
row 4611686018427387926 	19 	16 	17 	30 	31 	28 	29 	26 	27 	24 	25 	6 	7 	4 	5 	2 	3 	0 	1 	14 	15 	12 	13 	10 	
row 4611686018427387927 	18 	17 	16 	31 	30 	29 	28 	27 	26 	25 	24 	7 	6 	5 	4 	3 	2 	1 	0 	15 	14 	13 	12 	11 	
row 4611686018427387928 	29 	30 	31 	16 	17 	18 	19 	20 	21 	22 	23 	8 	9 	10 	11 	12 	13 	14 	15 	0 	1 	2 	3 	4 	
row 4611686018427387929 	28 	31 	30 	17 	16 	19 	18 	21 	20 	23 	22 	9 	8 	11 	10 	13 	12 	15 	14 	1 	0 	3 	2 	5 	
row 4611686018427387930 	31 	28 	29 	18 	19 	16 	17 	22 	23 	20 	21 	10 	11 	8 	9 	14 	15 	12 	13 	2 	3 	0 	1 	6 	
row 4611686018427387931 	30 	29 	28 	19 	18 	17 	16 	23 	22 	21 	20 	11 	10 	9 	8 	15 	14 	13 	12 	3 	2 	1 	0 	7 	
row 4611686018427387932 	25 	26 	27 	20 	21 	22 	23 	16 	17 	18 	19 	12 	13 	14 	15 	8 	9 	10 	11 	4 	5 	6 	7 	0 	

row 4611686018427387915 	0 	7 	6 	
row 4611686018427387916 	7 	0 	1 	
row 4611686018427387917 	6 	1 	0 	

row 4611686018427387919 	0 	31 	30 	29 	28 	27 	26 	25 	24 	23 	22 	21 	20 	
row 4611686018427387920 	31 	0 	1 	2 	3 	4 	5 	6 	7 	8 	9 	10 	11 	
row 4611686018427387921 	30 	1 	0 	3 	2 	5 	4 	7 	6 	9 	8 	11 	10 	
row 4611686018427387922 	29 	2 	3 	0 	1 	6 	7 	4 	5 	10 	11 	8 	9 	
row 4611686018427387923 	28 	3 	2 	1 	0 	7 	6 	5 	4 	11 	10 	9 	8 	
row 4611686018427387924 	27 	4 	5 	6 	7 	0 	1 	2 	3 	12 	13 	14 	15 	
row 4611686018427387925 	26 	5 	4 	7 	6 	1 	0 	3 	2 	13 	12 	15 	14 	
row 4611686018427387926 	25 	6 	7 	4 	5 	2 	3 	0 	1 	14 	15 	12 	13 	
row 4611686018427387927 	24 	7 	6 	5 	4 	3 	2 	1 	0 	15 	14 	13 	12 	
row 4611686018427387928 	23 	8 	9 	10 	11 	12 	13 	14 	15 	0 	1 	2 	3 	
row 4611686018427387929 	22 	9 	8 	11 	10 	13 	12 	15 	14 	1 	0 	3 	2 	
row 4611686018427387930 	21 	10 	11 	8 	9 	14 	15 	12 	13 	2 	3 	0 	1 	
row 4611686018427387931 	20 	11 	10 	9 	8 	15 	14 	13 	12 	3 	2 	1 	0 	

