100
1
19
23
999900
1001
999990
1000000
31
11001
2
100001
2101
11
12001
998999
999
10110
567890
100000
99001
12000
900
999991
10010
12
200
10101
10111
1111
1998
91
1999
123456
11100
199
256
900000
29
999001
2201
21
999998
101
11101
9
11111
32
99000
999989
90
899999
210987
11011
999000
990000
101000
2100
111
234567
16384
990001
30
900001
102
999999
11010
101001
999901
10001
10011
2002
2000
11000
10
99
1100
11110
110
1000
999899
2001
19
22
989999
10000
100
9999
20
345678
7
201
2200
1101
10999
1099
64
1110
10100
8
901
